[20, 1, 0.021999999999999353, -0.4400000000000013]
[30, 1, 0.02200000000000024, -0.44099999999999895]
[40, 1, 0.022999999999999687, -0.4399999999999995]
[50, 1, 0.020000000000000462, -0.4410000000000007]
[60, 1, 0.0, -0.4469999999999992]
[70, 1, 0.0, -0.4460000000000015]
[80, 1, 0.0, -0.44599999999999973]
[90, 1, 0.0, -0.44599999999999973]
[100, 1, 0.0039999999999995595, -0.4320000000000004]
[110, 1, 0.04100000000000037, -0.3019999999999996]
[120, 1, 0.041999999999999815, -0.3019999999999996]
[130, 1, 0.017000000000000348, -0.35100000000000087]
[140, 1, 0.01100000000000012, -0.363999999999999]
[150, 1, -0.009000000000000341, -0.4429999999999996]
[160, 1, -0.02200000000000024, -0.4980000000000011]
[170, 1, -0.020999999999999908, -0.4969999999999999]
[180, 1, -0.03000000000000025, -0.4980000000000002]
[190, 1, -0.04800000000000004, -0.5]
[200, 1, -0.04699999999999971, -0.49899999999999967]
[20, 2, -0.009000000000000341, -0.35299999999999976]
[30, 2, -0.008000000000000007, -0.35299999999999976]
[40, 2, -0.008999999999999453, -0.354000000000001]
[50, 2, 0.07299999999999951, -0.4339999999999993]
[60, 2, 0.07200000000000006, -0.43299999999999983]
[70, 2, 0.07200000000000006, -0.43400000000000105]
[80, 2, 0.04699999999999971, -0.4629999999999992]
[90, 2, 0.03500000000000014, -0.4750000000000014]
[100, 2, 0.036000000000000476, -0.4759999999999991]
[110, 2, -0.010000000000000675, -0.47300000000000075]
[120, 2, -0.009999999999999787, -0.4739999999999984]
[130, 2, 0.001000000000000334, -0.46500000000000163]
[140, 2, 0.008999999999999453, -0.4599999999999991]
[150, 2, 0.009000000000000341, -0.46000000000000085]
[160, 2, 0.006000000000000227, -0.49299999999999855]
[170, 2, 0.005999999999999339, -0.49600000000000044]
[180, 2, 0.006000000000000227, -0.4969999999999999]
[190, 2, 0.006000000000000227, -0.49600000000000044]
[200, 2, -0.03399999999999981, -0.4870000000000001]
[90, 3, 0.8109999999999999, 0.3929999999999998]
[100, 3, 0.667, 0.41500000000000004]
[110, 3, 0.571, 0.4299999999999997]
[120, 3, 0.5529999999999999, 0.4610000000000003]
[130, 3, 0.5110000000000001, 0.5309999999999997]
[140, 3, 0.47299999999999986, 0.5250000000000004]
[150, 3, 0.3180000000000005, 0.5009999999999994]
[160, 3, 0.31099999999999994, 0.5190000000000001]
[170, 3, 0.23799999999999955, 0.676000000000001]
[180, 3, 0.2530000000000001, 0.6639999999999997]
[190, 3, 0.2599999999999998, 0.6589999999999989]
[200, 3, 0.21499999999999986, 0.6539999999999999]
[210, 3, 0.14800000000000058, 0.6460000000000008]
[220, 3, 0.1479999999999997, 0.645999999999999]
[230, 3, 0.2290000000000001, 0.6380000000000017]
[240, 3, 0.3099999999999996, 0.6319999999999997]
[250, 3, 0.3310000000000004, 0.5789999999999988]
[260, 3, 0.351, 0.5259999999999998]
[270, 3, 0.351, 0.5260000000000016]
[220, 5, 0.7469999999999999, -0.3290000000000006]
[230, 5, 0.747, -0.33000000000000007]
[240, 5, 0.7470000000000001, -0.3879999999999999]
[250, 5, 0.7479999999999998, -0.40200000000000014]
[260, 5, 0.6630000000000003, -0.3799999999999999]
[270, 5, 0.5819999999999999, -0.3569999999999993]
[280, 5, 0.5549999999999997, -0.37700000000000067]
[290, 5, 0.45199999999999996, -0.45899999999999963]
[300, 5, 0.4510000000000005, -0.4580000000000002]
[310, 5, 0.45699999999999985, -0.43900000000000006]
[320, 5, 0.4630000000000001, -0.4079999999999999]
[330, 5, 0.4630000000000001, -0.4089999999999998]
[340, 5, 0.4639999999999995, -0.40800000000000036]
[350, 5, 0.362000000000001, -0.4209999999999998]
[360, 5, 0.36299999999999955, -0.42100000000000004]
[370, 5, 0.3689999999999998, -0.33099999999999996]
[380, 5, 0.375, -0.24]
[390, 5, 0.375, -0.241]
[400, 5, 0.375, -0.24]
[220, 6, 0.726, -0.3649999999999993]
[230, 6, 0.7250000000000001, -0.3639999999999999]
[240, 6, 0.6839999999999999, -0.3730000000000002]
[250, 6, 0.6240000000000001, -0.38700000000000045]
[260, 6, 0.6240000000000001, -0.38699999999999957]
[270, 6, 0.5920000000000001, -0.39000000000000057]
[280, 6, 0.5199999999999996, -0.399]
[290, 6, 0.5200000000000005, -0.3979999999999997]
[300, 6, 0.476, -0.4249999999999998]
[310, 6, 0.43299999999999983, -0.4530000000000003]
[320, 6, 0.43400000000000016, -0.45199999999999996]
[330, 6, 0.4609999999999994, -0.4149999999999998]
[340, 6, 0.47000000000000064, -0.40700000000000003]
[350, 6, 0.4689999999999994, -0.4059999999999999]
[360, 6, 0.4139999999999997, -0.3490000000000001]
[370, 6, 0.40700000000000003, -0.34199999999999997]
[380, 6, 0.3960000000000008, -0.221]
[390, 6, 0.38400000000000034, -0.1]
[400, 6, 0.38399999999999856, -0.101]
[230, 4, -0.010000000000000675, 0.559]
[240, 4, -0.008999999999999453, 0.559]
[250, 4, -0.017999999999999794, 0.5659999999999998]
[260, 4, -0.05600000000000005, 0.5959999999999999]
[270, 4, -0.05600000000000005, 0.5960000000000001]
[280, 4, -0.06400000000000006, 0.601]
[290, 4, -0.0990000000000002, 0.617]
[300, 4, -0.09799999999999986, 0.6160000000000005]
[310, 4, -0.08999999999999986, 0.6149999999999993]
[320, 4, -0.06700000000000017, 0.6100000000000003]
[330, 4, -0.0680000000000005, 0.6100000000000003]
[340, 4, -0.06699999999999928, 0.6099999999999994]
[350, 4, -0.06200000000000028, 0.6180000000000003]
[360, 4, -0.052999999999999936, 0.6320000000000006]
[370, 4, -0.05400000000000027, 0.6309999999999985]
[380, 4, -0.05400000000000027, 0.6310000000000002]
[390, 4, -0.01699999999999946, 0.6320000000000014]
[400, 4, 0.038000000000000256, 0.6309999999999985]
[410, 4, 0.03799999999999937, 0.6310000000000002]


