0
[20, 1, 0.021999999999999353, -0.4400000000000013]
[20, 2, -0.009000000000000341, -0.35299999999999976]
[20, 3, 0.0, 0.0]
[20, 4, 0.0, 0.0]
[20, 5, 0.0, 0.0]
[20, 6, 0.0, 0.0]
===================
1
[30, 1, 0.02200000000000024, -0.44099999999999895]
[30, 2, -0.008000000000000007, -0.35299999999999976]
[30, 3, 0.0, 0.0]
[30, 4, 0.0, 0.0]
[30, 5, 0.0, 0.0]
[30, 6, 0.0, 0.0]
===================
2
[40, 1, 0.022999999999999687, -0.4399999999999995]
[40, 2, -0.008999999999999453, -0.354000000000001]
[40, 3, 0.0, 0.0]
[40, 4, 0.0, 0.0]
[40, 5, 0.0, 0.0]
[40, 6, 0.0, 0.0]
===================
3
[50, 1, 0.020000000000000462, -0.4410000000000007]
[50, 2, 0.07299999999999951, -0.4339999999999993]
[50, 3, 0.0, 0.0]
[50, 4, 0.0, 0.0]
[50, 5, 0.0, 0.0]
[50, 6, 0.0, 0.0]
===================
4
[60, 1, 0.0, -0.4469999999999992]
[60, 2, 0.07200000000000006, -0.43299999999999983]
[60, 3, 0.0, 0.0]
[60, 4, 0.0, 0.0]
[60, 5, 0.0, 0.0]
[60, 6, 0.0, 0.0]
===================
5
[70, 1, 0.0, -0.4460000000000015]
[70, 2, 0.07200000000000006, -0.43400000000000105]
[70, 3, 0.0, 0.0]
[70, 4, 0.0, 0.0]
[70, 5, 0.0, 0.0]
[70, 6, 0.0, 0.0]
===================
6
[80, 1, 0.0, -0.44599999999999973]
[80, 2, 0.04699999999999971, -0.4629999999999992]
[80, 3, 0.0, 0.0]
[80, 4, 0.0, 0.0]
[80, 5, 0.0, 0.0]
[80, 6, 0.0, 0.0]
===================
7
[90, 1, 0.0, -0.44599999999999973]
[90, 2, 0.03500000000000014, -0.4750000000000014]
[90, 3, 0.8109999999999999, 0.3929999999999998]
[90, 4, 0.0, 0.0]
[90, 5, 0.0, 0.0]
[90, 6, 0.0, 0.0]
===================
8
[100, 1, 0.0039999999999995595, -0.4320000000000004]
[100, 2, 0.036000000000000476, -0.4759999999999991]
[100, 3, 0.667, 0.41500000000000004]
[100, 4, 0.0, 0.0]
[100, 5, 0.0, 0.0]
[100, 6, 0.0, 0.0]
===================
9
[110, 1, 0.04100000000000037, -0.3019999999999996]
[110, 2, -0.010000000000000675, -0.47300000000000075]
[110, 3, 0.571, 0.4299999999999997]
[110, 4, 0.0, 0.0]
[110, 5, 0.0, 0.0]
[110, 6, 0.0, 0.0]
===================
10
[120, 1, 0.041999999999999815, -0.3019999999999996]
[120, 2, -0.009999999999999787, -0.4739999999999984]
[120, 3, 0.5529999999999999, 0.4610000000000003]
[120, 4, 0.0, 0.0]
[120, 5, 0.0, 0.0]
[120, 6, 0.0, 0.0]
===================
11
[130, 1, 0.017000000000000348, -0.35100000000000087]
[130, 2, 0.001000000000000334, -0.46500000000000163]
[130, 3, 0.5110000000000001, 0.5309999999999997]
[130, 4, 0.0, 0.0]
[130, 5, 0.0, 0.0]
[130, 6, 0.0, 0.0]
===================
12
[140, 1, 0.01100000000000012, -0.363999999999999]
[140, 2, 0.008999999999999453, -0.4599999999999991]
[140, 3, 0.47299999999999986, 0.5250000000000004]
[140, 4, 0.0, 0.0]
[140, 5, 0.0, 0.0]
[140, 6, 0.0, 0.0]
===================
13
[150, 1, -0.009000000000000341, -0.4429999999999996]
[150, 2, 0.009000000000000341, -0.46000000000000085]
[150, 3, 0.3180000000000005, 0.5009999999999994]
[150, 4, 0.0, 0.0]
[150, 5, 0.0, 0.0]
[150, 6, 0.0, 0.0]
===================
14
[160, 1, -0.02200000000000024, -0.4980000000000011]
[160, 2, 0.006000000000000227, -0.49299999999999855]
[160, 3, 0.31099999999999994, 0.5190000000000001]
[160, 4, 0.0, 0.0]
[160, 5, 0.0, 0.0]
[160, 6, 0.0, 0.0]
===================
15
[170, 1, -0.020999999999999908, -0.4969999999999999]
[170, 2, 0.005999999999999339, -0.49600000000000044]
[170, 3, 0.23799999999999955, 0.676000000000001]
[170, 4, 0.0, 0.0]
[170, 5, 0.0, 0.0]
[170, 6, 0.0, 0.0]
===================
16
[180, 1, -0.03000000000000025, -0.4980000000000002]
[180, 2, 0.006000000000000227, -0.4969999999999999]
[180, 3, 0.2530000000000001, 0.6639999999999997]
[180, 4, 0.0, 0.0]
[180, 5, 0.0, 0.0]
[180, 6, 0.0, 0.0]
===================
17
[190, 1, -0.04800000000000004, -0.5]
[190, 2, 0.006000000000000227, -0.49600000000000044]
[190, 3, 0.2599999999999998, 0.6589999999999989]
[190, 4, 0.0, 0.0]
[190, 5, 0.0, 0.0]
[190, 6, 0.0, 0.0]
===================
18
[200, 1, -0.04699999999999971, -0.49899999999999967]
[200, 2, -0.03399999999999981, -0.4870000000000001]
[200, 3, 0.21499999999999986, 0.6539999999999999]
[200, 4, 0.0, 0.0]
[200, 5, 0.0, 0.0]
[200, 6, 0.0, 0.0]
===================
19
[210, 1, 0.0, 0.0]
[210, 2, 0.0, 0.0]
[210, 3, 0.14800000000000058, 0.6460000000000008]
[210, 4, 0.0, 0.0]
[210, 5, 0.0, 0.0]
[210, 6, 0.0, 0.0]
===================
20
[220, 1, 0.0, 0.0]
[220, 2, 0.0, 0.0]
[220, 3, 0.1479999999999997, 0.645999999999999]
[220, 4, 0.0, 0.0]
[220, 5, 0.7469999999999999, -0.3290000000000006]
[220, 6, 0.726, -0.3649999999999993]
===================
21
[230, 1, 0.0, 0.0]
[230, 2, 0.0, 0.0]
[230, 3, 0.2290000000000001, 0.6380000000000017]
[230, 4, -0.010000000000000675, 0.559]
[230, 5, 0.747, -0.33000000000000007]
[230, 6, 0.7250000000000001, -0.3639999999999999]
===================
22
[240, 1, 0.0, 0.0]
[240, 2, 0.0, 0.0]
[240, 3, 0.3099999999999996, 0.6319999999999997]
[240, 4, -0.008999999999999453, 0.559]
[240, 5, 0.7470000000000001, -0.3879999999999999]
[240, 6, 0.6839999999999999, -0.3730000000000002]
===================
23
[250, 1, 0.0, 0.0]
[250, 2, 0.0, 0.0]
[250, 3, 0.3310000000000004, 0.5789999999999988]
[250, 4, -0.017999999999999794, 0.5659999999999998]
[250, 5, 0.7479999999999998, -0.40200000000000014]
[250, 6, 0.6240000000000001, -0.38700000000000045]
===================
24
[260, 1, 0.0, 0.0]
[260, 2, 0.0, 0.0]
[260, 3, 0.351, 0.5259999999999998]
[260, 4, -0.05600000000000005, 0.5959999999999999]
[260, 5, 0.6630000000000003, -0.3799999999999999]
[260, 6, 0.6240000000000001, -0.38699999999999957]
===================
25
[270, 1, 0.0, 0.0]
[270, 2, 0.0, 0.0]
[270, 3, 0.351, 0.5260000000000016]
[270, 4, -0.05600000000000005, 0.5960000000000001]
[270, 5, 0.5819999999999999, -0.3569999999999993]
[270, 6, 0.5920000000000001, -0.39000000000000057]
===================
26
[280, 1, 0.0, 0.0]
[280, 2, 0.0, 0.0]
[280, 3, 0.0, 0.0]
[280, 4, -0.06400000000000006, 0.601]
[280, 5, 0.5549999999999997, -0.37700000000000067]
[280, 6, 0.5199999999999996, -0.399]
===================
27
[290, 1, 0.0, 0.0]
[290, 2, 0.0, 0.0]
[290, 3, 0.0, 0.0]
[290, 4, -0.0990000000000002, 0.617]
[290, 5, 0.45199999999999996, -0.45899999999999963]
[290, 6, 0.5200000000000005, -0.3979999999999997]
===================
28
[300, 1, 0.0, 0.0]
[300, 2, 0.0, 0.0]
[300, 3, 0.0, 0.0]
[300, 4, -0.09799999999999986, 0.6160000000000005]
[300, 5, 0.4510000000000005, -0.4580000000000002]
[300, 6, 0.476, -0.4249999999999998]
===================
29
[310, 1, 0.0, 0.0]
[310, 2, 0.0, 0.0]
[310, 3, 0.0, 0.0]
[310, 4, -0.08999999999999986, 0.6149999999999993]
[310, 5, 0.45699999999999985, -0.43900000000000006]
[310, 6, 0.43299999999999983, -0.4530000000000003]
===================
30
[320, 1, 0.0, 0.0]
[320, 2, 0.0, 0.0]
[320, 3, 0.0, 0.0]
[320, 4, -0.06700000000000017, 0.6100000000000003]
[320, 5, 0.4630000000000001, -0.4079999999999999]
[320, 6, 0.43400000000000016, -0.45199999999999996]
===================
31
[330, 1, 0.0, 0.0]
[330, 2, 0.0, 0.0]
[330, 3, 0.0, 0.0]
[330, 4, -0.0680000000000005, 0.6100000000000003]
[330, 5, 0.4630000000000001, -0.4089999999999998]
[330, 6, 0.4609999999999994, -0.4149999999999998]
===================
32
[340, 1, 0.0, 0.0]
[340, 2, 0.0, 0.0]
[340, 3, 0.0, 0.0]
[340, 4, -0.06699999999999928, 0.6099999999999994]
[340, 5, 0.4639999999999995, -0.40800000000000036]
[340, 6, 0.47000000000000064, -0.40700000000000003]
===================
