2510.0	48.0	1.55638948568	7.09010532989
2510.0	49.0	1.56649181094	6.35551046637
2510.0	50.0	5.96879050898	6.61684294706
2510.0	51.0	5.8576649311	6.27913933046
2510.0	52.0	6.41181956474	4.28322742546
2510.0	53.0	8.56761368264	4.74026094191
2510.0	54.0	1.39391042105	5.06889548611
2520.0	43.0	2.31448481055	3.54004080915
2520.0	44.0	1.76580226976	3.60113771788
2520.0	48.0	1.0910511283	7.04619192674
2520.0	49.0	1.17018600952	6.38176304434
2520.0	50.0	5.5057672678	6.67650789698
2520.0	51.0	5.4051649454	6.32233675421
2520.0	52.0	5.94121957962	4.27845422946
2520.0	53.0	8.06144509399	4.71448568354
2520.0	54.0	1.86408947595	5.06292899112
2530.0	43.0	2.29638481112	3.53765421115
2530.0	44.0	1.75822552581	3.60424029527
2530.0	48.0	0.625923236026	7.00203986379
2530.0	49.0	0.791348812192	6.33403108439
2530.0	50.0	5.04274402663	6.73617284691
2530.0	51.0	4.97455333111	6.31684757882
2530.0	52.0	5.47083005961	4.27391969327
2530.0	53.0	7.57990092316	4.70732588955
2530.0	54.0	2.34016155393	5.06865682631
2540.0	43.0	2.2782848117	3.53550627296
2540.0	44.0	1.75085924697	3.60758153247
2540.0	48.0	0.160584878644	6.95812646065
2540.0	49.0	0.412511614866	6.28629912445
2540.0	50.0	4.58813938984	6.7461965585
2540.0	51.0	4.54415218192	6.31135840342
2540.0	52.0	5.0071754231	4.28513670385
2540.0	53.0	7.12298117017	4.71902021973
2540.0	54.0	2.8162336319	5.07438466151
2550.0	43.0	2.26018481227	3.53311967496
2550.0	44.0	1.74349296814	3.61068410986
2550.0	49.0	0.0336744175401	6.23856716451
2550.0	50.0	4.13711265991	6.73474088811
2550.0	51.0	4.11354056763	6.30610788783
2550.0	52.0	4.5479405539	4.30661608583
2550.0	53.0	6.66606141717	4.73071454992
2550.0	54.0	3.29230570987	5.0801124967
2560.0	43.0	2.24208481284	3.53097173676
2560.0	44.0	1.73591622419	3.61402534706
2560.0	50.0	3.68608592998	6.72328521773
2560.0	51.0	3.68313941845	6.30061871244
2560.0	52.0	4.0887056847	4.3283341276
2560.0	53.0	6.20914166417	4.74240888011
2560.0	54.0	3.7673254623	5.11519548726
2570.0	43.0	2.22398481341	3.52858513876
2570.0	44.0	1.72854994535	3.61736658426
2570.0	50.0	3.23505920005	6.71206820714
2570.0	51.0	3.2382161767	6.28438984605
2570.0	52.0	3.63536383856	4.36962227295
2570.0	53.0	5.73812074883	4.7471820761
2570.0	54.0	4.24087195895	5.19490786036
2580.0	43.0	2.20567434888	3.52643720057
2580.0	44.0	1.72118366652	3.62046916165
2580.0	50.0	2.78887316765	6.69750995936
2580.0	51.0	2.79350340006	6.26816097967
2580.0	52.0	3.19528129433	4.45649444005
2580.0	53.0	5.2454219272	4.74169290071
2580.0	54.0	4.71441845561	5.27438157367
2590.0	43.0	2.18757434945	3.52405060257
2590.0	44.0	1.71360692257	3.62381039885
2590.0	50.0	2.34752783276	6.68008779398
2590.0	51.0	2.34858015831	6.25169345349
2590.0	52.0	2.75519875011	4.54312794735
2590.0	53.0	4.75272310556	4.73620372531
2590.0	54.0	5.18796495227	5.35385528697
2600.0	43.0	2.16947435002	3.52166400457
2600.0	44.0	1.70624064373	3.62691297625
2600.0	50.0	1.90597203277	6.6626656286
2600.0	51.0	1.90365691656	6.23546458711
2600.0	52.0	2.31511620588	4.63000011444
2600.0	53.0	4.26002428393	4.73095320972
2600.0	54.0	5.64425330994	5.45409240285
2610.0	43.0	2.15137435059	3.51951606637
2610.0	44.0	1.75296389807	3.7457655565
2610.0	50.0	1.46462669788	6.64524346322
2610.0	51.0	1.45999646547	6.20252953475
2610.0	52.0	1.87503366165	4.71687228154
2610.0	53.0	3.7673254623	4.72546403433
2610.0	54.0	6.0961219003	5.55934137453
2620.0	43.0	2.13327435116	3.51712946838
2620.0	44.0	1.81294645431	3.89349597253
2620.0	50.0	1.0253860141	6.61493366866
2620.0	51.0	1.01696740971	6.15861613161
2620.0	52.0	1.42905809436	4.662696507
2620.0	53.0	3.2689440827	4.73811300371
2620.0	54.0	6.54799049067	5.6645903462
2630.0	43.0	2.11517435174	3.51498153018
2630.0	44.0	1.95437900798	3.96938978883
2630.0	50.0	0.58993370228	6.56553109012
2630.0	51.0	0.573727888839	6.11470272846
2630.0	52.0	0.982451131732	4.59276918569
2630.0	53.0	2.770352238	4.7505233133
2630.0	54.0	7.02069512689	5.7454960183
2640.0	43.0	2.09707435231	3.51259493218
2640.0	44.0	2.13074876985	4.01473515078
2640.0	50.0	0.154481390465	6.51612851158
2640.0	51.0	0.130698833077	6.07078932531
2640.0	52.0	0.535844169107	4.52284186437
2640.0	53.0	2.27197085841	4.76317228268
2640.0	54.0	7.52475906444	5.78988674105
2650.0	43.0	2.07897435288	3.51044699399
2650.0	44.0	2.30711853172	4.05984185293
2650.0	50.0	-0.28076045624	6.46696459284
2650.0	52.0	0.0892372064812	4.45315320285
2650.0	53.0	1.77927203677	4.77820785006
2650.0	54.0	8.0290334671	5.83451612359
2660.0	43.0	2.05203481885	3.50782173619
2660.0	44.0	2.48348829358	4.10494855507
2660.0	53.0	1.3097243772	4.80255114963
2660.0	54.0	8.53309740466	5.87890684634
2670.0	43.0	1.94680226404	3.50280988039
2670.0	44.0	2.58366968576	4.44599340886
2670.0	53.0	0.840176717625	4.827133109
2670.0	54.0	9.03189971447	5.93236664148
2680.0	43.0	1.84156970922	3.4977980246
2680.0	44.0	2.68385107794	4.78679960285
2680.0	53.0	0.37083952316	4.85147640858
2680.0	54.0	9.48124272352	6.06768674791
2690.0	43.0	1.73633715441	3.49278616881
2690.0	44.0	2.78445340035	5.24120786151
2690.0	53.0	-0.0987081364144	4.87605836795
2690.0	54.0	9.93058573257	6.20324551415
2700.0	43.0	1.6311045996	3.48801297281
2700.0	44.0	2.88526618786	5.70802642975
2700.0	54.0	10.3799287416	6.33856562059
2710.0	43.0	1.49430227834	3.42524544549
2710.0	44.0	2.93809293037	6.15742283261
2710.0	54.0	10.7951764029	6.52639088296
2720.0	43.0	1.28383716872	3.22763513132
2720.0	44.0	2.95913944133	6.59488624548
2720.0	54.0	11.1594915077	6.79273521944
2730.0	43.0	1.07337205909	3.03026347696
2730.0	44.0	2.9801859523	7.03258831816
2730.0	54.0	11.5238066124	7.05884089612
2740.0	43.0	0.943725551561	2.90401244291
2740.0	44.0	2.99723362618	7.42470636909
2740.0	54.0	11.8016205571	7.39439657452
2750.0	43.0	0.935096482066	2.88444233934
2750.0	44.0	3.01175571874	7.78699194505
2750.0	54.0	12.0577565956	7.7471357585
2760.0	43.0	0.926677877681	2.86511089556
2760.0	44.0	3.02627781131	8.14903886122
2760.0	54.0	12.2911624021	8.11347855106
2770.0	43.0	0.918048808187	2.84577945178
2770.0	44.0	3.03427548547	8.26860742087
2770.0	54.0	12.5016275118	8.493663612
2780.0	43.0	0.909419738692	2.82644800801
2780.0	44.0	3.03911618299	8.28412030785
2780.0	54.0	12.7120926214	8.87361001315
2790.0	43.0	0.901001134307	2.80687790443
2790.0	44.0	3.04416734562	8.29987185463
2790.0	54.0	12.8909879646	9.21226826894
2800.0	43.0	0.892372064812	2.78754646065
2800.0	44.0	3.04921850825	8.31538474162
2800.0	54.0	13.0620960987	9.54042549355
2810.0	43.0	0.883742995318	2.76821501688
2810.0	44.0	3.05426967089	8.3311362884
2810.0	54.0	13.2329937677	9.86858271815
2820.0	43.0	0.875324390933	2.7488835731
2820.0	44.0	3.05932083352	8.34664917538
2820.0	54.0	13.3382263225	10.2222765413
2830.0	43.0	0.866695321438	2.72955212932
2830.0	44.0	3.06437199615	8.36240072216
2830.0	54.0	13.3998925996	10.5931538701
2840.0	43.0	0.858276717053	2.70998202575
2840.0	44.0	3.06921269367	8.37791360914
2840.0	54.0	13.4613484116	10.9640311988
2850.0	43.0	0.849647647558	2.69065058197
2850.0	44.0	3.0742638563	8.39366515592
2850.0	54.0	13.5228042237	11.3349085276
2860.0	43.0	0.841018578064	2.67131913819
2860.0	44.0	3.07931501893	8.4091780429
2860.0	54.0	13.5844705008	11.7057858563
2870.0	43.0	0.832599973679	2.65198769442
2870.0	44.0	3.08436618156	8.42492958968
2870.0	54.0	13.6459263128	12.0766631851
2880.0	43.0	0.823970904184	2.63241759084
2880.0	44.0	3.08941734419	8.44044247667
2880.0	54.0	13.7073821248	12.4473018541
2890.0	43.0	0.815552299799	2.61308614706
2890.0	44.0	3.09425804171	8.45619402345
2900.0	43.0	0.806923230304	2.59375470329
2900.0	44.0	3.09930920435	8.47170691043
2910.0	43.0	0.79829416081	2.57442325951
2910.0	44.0	3.10436036698	8.48745845721
2920.0	43.0	0.789875556425	2.55509181573
2920.0	44.0	3.10941152961	8.50297134419
2920.0	55.0	14.7089855815	8.19438422316
2930.0	43.0	0.78124648693	2.53552171216
2930.0	44.0	3.11446269224	8.51848423117
2930.0	55.0	13.9885635113	8.01992390957
2940.0	43.0	0.743573232307	2.14006242403
2940.0	44.0	3.12288129662	8.52349608697
2940.0	55.0	13.268141441	7.84546359598
2950.0	43.0	0.693482536216	1.5830304515
2950.0	44.0	3.13193129634	8.52707598396
2950.0	55.0	12.5016275118	7.64904658082
2960.0	43.0	0.656230211812	1.0023711588
2960.0	44.0	3.14098129605	8.53089454076
2960.0	55.0	11.7298519548	7.45024296765
2970.0	43.0	0.627606956903	0.405721659513
2970.0	44.0	3.14982083066	8.53447443775
2970.0	55.0	10.9949077919	7.31277492302
2970.0	56.0	15.2892378887	5.69155890357
2970.0	57.0	15.2566157968	5.2512315731
2980.0	43.0	0.598773236885	-0.190927839771
2980.0	44.0	3.15887083037	8.53829299455
2980.0	55.0	10.2965845582	7.23688110671
2980.0	56.0	14.686886745	5.78224962746
2980.0	57.0	14.6833088381	5.30898724463
2990.0	44.0	3.16792083008	8.54187289154
2990.0	55.0	9.58247644125	7.1621805894
2990.0	56.0	14.0845356012	5.87270169155
2990.0	57.0	14.1097914144	5.36650425636
3000.0	44.0	3.17676036469	8.54569144834
3000.0	55.0	8.83174739522	7.09058264949
3000.0	56.0	13.4821844575	5.96315375564
3000.0	57.0	13.5364844558	5.42425992789
3010.0	44.0	3.1858103644	8.54927134534
3010.0	55.0	8.08122881429	7.01898470957
3010.0	56.0	12.8996170341	6.07126664491
3010.0	57.0	12.9311868005	5.50540425979
3020.0	44.0	3.19464989901	8.55308990213
3020.0	55.0	7.33870790753	6.96218367724
3020.0	56.0	12.3256786801	6.18701664777
3020.0	57.0	12.3122089131	5.59657230328
3020.0	58.0	0.0420930219251	6.94500017166
3030.0	44.0	3.20369989872	8.55666979913
3030.0	55.0	6.61512886064	6.93974965607
3030.0	56.0	11.7515298611	6.30276665063
3030.0	57.0	11.6932310257	5.68774034677
3030.0	58.0	0.412090684647	6.9087238821
3040.0	44.0	3.21274989843	8.56048835592
3040.0	55.0	5.89176027886	6.91731563489
3040.0	56.0	11.1883252277	6.42138057109
3040.0	57.0	11.0931949981	5.78750014305
3040.0	58.0	0.781877882259	6.87268625235
3040.0	59.0	0.306647664724	5.98343983862
3050.0	44.0	3.22158943304	8.56406825292
3050.0	55.0	5.17133820861	6.90848522231
3050.0	56.0	10.6411159427	6.54405170814
3050.0	57.0	10.5377775738	5.90683004291
3050.0	58.0	1.15187554498	6.83640996279
3050.0	59.0	0.709477884548	5.96983623003
3060.0	44.0	3.23063943275	8.56788680971
3060.0	55.0	4.47785567239	7.02089398797
3060.0	56.0	10.0939066576	6.6667228452
3060.0	57.0	9.98257061465	6.02615994276
3060.0	58.0	1.52902902143	6.79345119884
3060.0	59.0	1.11251856948	5.95623262145
3070.0	44.0	3.23968943247	8.57170536651
3070.0	55.0	3.78458360129	7.13306409384
3070.0	56.0	9.54669737261	6.78963264205
3070.0	57.0	9.42715319035	6.14548984262
3070.0	58.0	1.90954993963	6.7476285173
3070.0	59.0	1.5153487893	5.94262901286
3080.0	44.0	3.24852896707	8.5752852635
3080.0	55.0	3.09131153018	7.2454728595
3080.0	56.0	9.04515901638	6.88986975793
3080.0	57.0	8.87426134736	6.26696768068
3080.0	58.0	2.28691388119	6.69822593876
3080.0	59.0	1.91291738139	5.86959911415
3090.0	44.0	3.25757896678	8.5791038203
3090.0	55.0	2.50516619987	7.30131925263
3090.0	56.0	8.54867182277	6.98772027581
3090.0	57.0	8.32242182992	6.38963881773
3090.0	58.0	2.63544410273	6.61612696766
3090.0	59.0	2.31048597347	5.79680787524
3100.0	44.0	3.2666289665	8.5826837173
3100.0	55.0	1.96511272857	7.3332996658
3100.0	56.0	8.05218462916	7.08580945349
3100.0	57.0	7.77079277759	6.51207129498
3100.0	58.0	2.98397432427	6.53402799655
3100.0	59.0	2.70805456555	5.72377797653
3110.0	44.0	3.2754685011	8.58650227409
3110.0	55.0	1.42484879216	7.36504141916
3110.0	56.0	7.55569743556	7.18365997137
3110.0	57.0	7.21895326016	6.63474243203
3110.0	58.0	3.33250454581	6.45192902545
3110.0	59.0	3.11488362246	5.65003209842
3120.0	44.0	3.28451850082	8.59008217109
3120.0	55.0	0.922889505708	7.41945585349
3120.0	56.0	7.02953466149	7.3280491502
3120.0	57.0	6.7125742064	6.76886923947
3120.0	58.0	3.73175685877	6.42185789069
3120.0	59.0	3.53581384171	5.57509292131
3130.0	44.0	3.29335803542	8.59390072788
3130.0	55.0	0.437136032692	7.48389399941
3130.0	56.0	6.50337188743	7.47267698883
3130.0	57.0	6.20598468753	6.90323470671
3130.0	58.0	4.13648126458	6.39727593132
3130.0	59.0	3.95674406096	5.5001537442
3140.0	44.0	3.30240803513	8.59748062488
3140.0	55.0	-0.0486174403235	7.54809348554
3140.0	56.0	5.97720911336	7.61706616765
3140.0	57.0	5.69960563377	7.03760017395
3140.0	58.0	4.54120567039	6.37293263175
3140.0	59.0	4.37767428021	5.42497590729
3150.0	44.0	3.31145803485	8.60129918167
3150.0	56.0	5.44978354864	7.75190895449
3150.0	57.0	5.19533123111	7.15693007381
3150.0	58.0	4.9459300762	6.34835067238
3150.0	59.0	4.79397426705	5.43332900028
3160.0	44.0	3.32029756945	8.60487907867
3160.0	56.0	4.91688589107	7.84904349298
3160.0	57.0	4.69147775866	7.27268007667
3160.0	58.0	5.36223006304	6.31660891902
3160.0	59.0	5.20985332367	5.45075116566
3170.0	44.0	3.32934756917	8.60869763546
3170.0	56.0	4.38419869861	7.94593937166
3170.0	57.0	4.18762428622	7.38843007953
3170.0	58.0	5.77853004988	6.28462850585
3170.0	59.0	5.62552191518	5.46817333103
3180.0	44.0	3.33839756888	8.61227753246
3180.0	56.0	3.85151150615	8.04283525034
3180.0	57.0	3.68145569757	7.4924857522
3180.0	58.0	6.19461957161	6.25288675249
3180.0	59.0	6.0414009718	5.48559549641
3190.0	44.0	3.35355105677	8.61943732645
3190.0	56.0	3.38301617212	8.17362082059
3190.0	57.0	3.1727615276	7.58532441429
3190.0	58.0	6.61091955845	6.22114499913
3190.0	59.0	6.44128468009	5.4937099296
3200.0	44.0	3.42595105448	8.65666825521
3200.0	56.0	2.91452083809	8.30464505063
3200.0	57.0	2.66406735764	7.67816307638
3200.0	58.0	7.02721954529	6.21279190614
3200.0	59.0	6.83716955129	5.4994377648
3210.0	44.0	3.4983510522	8.69389918396
3210.0	56.0	2.44623596918	8.43543062087
3210.0	57.0	2.15558365278	7.77100173847
3210.0	58.0	7.44372999724	6.22806613332
3210.0	59.0	7.2330544225	5.50516559999
3210.0	60.0	0.116176740513	6.87244759255
3210.0	61.0	0.0631395328877	7.68484555077
3220.0	44.0	3.57075104991	8.73113011272
3220.0	56.0	2.01499295955	8.55905639712
3220.0	57.0	1.65130925012	7.92613060828
3220.0	58.0	7.86024044918	6.2433403605
3220.0	59.0	7.62893929371	5.51065477538
3220.0	60.0	0.592038353377	6.7478671771
3220.0	61.0	0.512482541938	7.54928678454
3230.0	44.0	3.56043825954	8.74067650471
3230.0	56.0	1.58816971723	8.68172753418
3230.0	57.0	1.1478767079	8.08794195249
3230.0	58.0	8.27675090113	6.25837592789
3230.0	59.0	8.04334509456	5.51709858998
3230.0	60.0	1.06789996624	6.62328676165
3230.0	61.0	0.961825550989	7.4139666781
3240.0	44.0	3.54086500434	8.7468816595
3240.0	56.0	1.1611360098	8.80439867123
3240.0	57.0	0.661491839553	8.26383422488
3240.0	58.0	8.69305088797	6.27365015507
3240.0	59.0	8.46995787177	5.52354240457
3240.0	60.0	1.54291971866	6.58891975049
3240.0	61.0	1.41116856004	7.27840791186
3240.0	62.0	0.217831388462	7.17315894019
3240.0	63.0	0.103969764155	6.65359655621
3250.0	44.0	3.52129174914	8.75332547409
3250.0	56.0	0.809869741839	8.99031465521
3250.0	57.0	0.332113942989	8.56478423232
3250.0	58.0	9.12113692095	6.2450109791
3250.0	59.0	8.89678111409	5.53022487896
3250.0	60.0	2.01772900598	6.56433779112
3250.0	61.0	1.86661505727	7.16719244519
3250.0	62.0	0.663596490649	7.13807594963
3250.0	63.0	0.512061611719	6.60300067867
3260.0	44.0	3.50171849395	8.75953062888
3260.0	56.0	0.571833702853	9.27026260027
3260.0	57.0	0.00273604642513	8.86573423976
3260.0	58.0	9.55216946546	6.20515479255
3260.0	59.0	9.32360435641	5.53690735335
3260.0	60.0	2.4927487584	6.53999449155
3260.0	61.0	2.33553132151	7.11277801086
3260.0	62.0	1.10936159284	7.10299295907
3260.0	63.0	0.920363924392	6.55240480113
3270.0	44.0	3.48235570386	8.76597444348
3270.0	56.0	0.351055802855	9.55021054533
3270.0	58.0	9.98299154487	6.165298606
3270.0	59.0	9.75821480779	5.39824600972
3270.0	60.0	2.96755804572	6.51541253218
3270.0	61.0	2.80465805087	7.05812491673
3270.0	62.0	1.55491622991	7.06790996851
3270.0	63.0	1.32845577196	6.50157026379
3280.0	44.0	3.46278244867	8.77217959827
3280.0	56.0	0.283706967775	9.827055913
3280.0	58.0	10.4140240894	6.12568107925
3280.0	59.0	10.1926147941	5.25982332588
3280.0	60.0	3.49372081978	6.50801407839
3280.0	61.0	3.27357431512	7.00371048239
3280.0	62.0	1.99773482057	7.06003419512
3280.0	63.0	1.74686040989	6.46075943804
3290.0	44.0	3.44320919347	8.77862341286
3290.0	56.0	0.216358132695	10.1039012807
3290.0	58.0	10.8547380289	6.06673210872
3290.0	59.0	10.6272252454	5.12116198225
3290.0	60.0	4.01988359385	6.5003769648
3290.0	61.0	3.76185336945	6.98724295621
3290.0	62.0	2.440132481	7.05502233933
3290.0	63.0	2.16779062914	6.42233521029
3300.0	44.0	3.42384640339	8.78482856765
3300.0	58.0	11.3019763869	5.9951341688
3300.0	59.0	11.0738322081	5.01734496938
3300.0	60.0	4.54604636791	6.492978511
3300.0	61.0	4.2549731213	6.98056048182
3300.0	62.0	2.88253014143	7.05024914334
3300.0	63.0	2.58872084839	6.38367232274
3300.0	64.0	0.102496508388	5.37294807095
3310.0	44.0	3.40427314819	8.79127238224
3310.0	58.0	11.7492147448	5.92353622889
3310.0	59.0	11.5219124264	4.9171078535
3310.0	60.0	5.04758472415	6.47555634563
3310.0	61.0	4.74809287315	6.97363934763
3310.0	62.0	3.32492780186	7.04523728754
3310.0	63.0	3.05384874067	6.36386355936
3310.0	64.0	0.706741838123	5.40373518511
3320.0	44.0	3.384699893	8.79747753704
3320.0	58.0	12.1964531028	5.85193828897
3320.0	59.0	11.9699926448	4.81710939742
3320.0	60.0	5.54301959221	6.45574758225
3320.0	61.0	5.24710564807	6.94309089326
3320.0	62.0	3.7673254623	7.04046409155
3320.0	63.0	3.53791849281	6.35193056937
3320.0	64.0	1.31098716786	5.43452229927
3320.0	65.0	0.245402317823	4.2440872183
3320.0	66.0	15.1113948711	5.94262901286
3330.0	44.0	3.3651266378	8.80392135163
3330.0	58.0	12.657582158	5.73905220371
3330.0	59.0	12.4431182113	4.78656094305
3330.0	60.0	6.03866492538	6.43593881887
3330.0	61.0	5.75979865512	6.85741202517
3330.0	62.0	4.23855684275	7.01445017338
3330.0	63.0	4.02198824494	6.33999757939
3330.0	64.0	1.91523249759	5.46530941344
3330.0	65.0	0.840597647844	4.22356247553
3330.0	66.0	14.560186749	6.03355839656
3340.0	44.0	3.34576384772	8.81012650642
3340.0	58.0	13.127971678	5.59872024148
3340.0	59.0	12.922557731	4.77319599427
3340.0	60.0	6.53409979343	6.4158913957
3340.0	61.0	6.27249166217	6.77173315707
3340.0	62.0	4.7097882232	6.98867491501
3340.0	63.0	4.50605799708	6.3280645894
3340.0	64.0	2.52600224573	5.494425909
3340.0	65.0	1.43600344297	4.20303773275
3340.0	66.0	14.0089786269	6.12448778025
3350.0	44.0	3.32619059252	8.81657032101
3350.0	58.0	13.5985716631	5.45838827925
3350.0	59.0	13.4019972507	4.75983104549
3350.0	60.0	7.02953466149	6.39608263232
3350.0	61.0	6.78497420411	6.68605428897
3350.0	62.0	5.18101960365	6.96266099684
3350.0	63.0	4.99286379565	6.28653778425
3350.0	64.0	3.13698245897	5.52354240457
3350.0	65.0	2.031198773	4.18275164978
3350.0	66.0	13.471661202	6.23116871072
3360.0	44.0	3.30661733733	8.82277547581
3360.0	58.0	14.0548600208	5.35552590557
3360.0	59.0	13.8683879337	4.75362589069
3360.0	60.0	7.53170441306	6.30395994963
3360.0	61.0	7.30608581554	6.61708160686
3360.0	62.0	5.65246144921	6.93664707867
3360.0	63.0	5.48072191976	6.23236200972
3360.0	64.0	3.7477522071	5.55265890013
3360.0	65.0	2.63081387032	4.20995886695
3360.0	66.0	12.936027498	6.33975891959
3370.0	44.0	3.28725454724	8.8292192904
3370.0	58.0	14.4547437291	5.40325786551
3370.0	59.0	14.2832146647	4.77462795307
3370.0	60.0	8.03408462974	6.21159860714
3370.0	61.0	7.83961486844	6.57269088411
3370.0	62.0	6.13632073624	6.89201769612
3370.0	63.0	5.96858004387	6.17794757538
3370.0	64.0	4.35873242034	5.5817753957
3370.0	65.0	3.23211268852	4.25769082689
3370.0	66.0	12.4258600723	6.46290737624
3380.0	44.0	3.26178826898	8.8244460944
3380.0	58.0	14.8546274374	5.45098982546
3380.0	59.0	14.6978309307	4.79563001544
3380.0	60.0	8.5362543813	6.11947592445
3380.0	61.0	8.37314392134	6.52806150156
3380.0	62.0	6.63891141803	6.81898779741
3380.0	63.0	6.45643816798	6.12377180085
3380.0	64.0	4.9394056578	5.55170426093
3380.0	65.0	3.83341150672	4.30542278683
3380.0	66.0	11.9268472974	6.59249964748
3390.0	44.0	3.23505920005	8.81680898081
3390.0	58.0	15.2545111457	5.4987217854
3390.0	59.0	15.1126576618	4.81663207782
3390.0	60.0	9.03842413287	6.02735324176
3390.0	61.0	8.90667297424	6.48367077882
3390.0	62.0	7.14171256492	6.7461965585
3390.0	63.0	6.95797652422	6.07078932531
3390.0	64.0	5.51692191861	5.51495065178
3390.0	65.0	4.45281032435	4.34766557138
3390.0	66.0	11.4276240573	6.72209191873
3400.0	44.0	3.20833013113	8.80917186722
3400.0	60.0	9.51996830369	5.89895426952
3400.0	61.0	9.43851830627	6.43760943747
3400.0	62.0	7.64451371182	6.67316665979
3400.0	63.0	7.49150557712	6.02090942717
3400.0	64.0	6.09422771432	5.47819704262
3400.0	65.0	5.14439867458	4.36819031416
3400.0	66.0	10.9231391896	6.85096821057
3410.0	44.0	3.18160106221	8.80153475363
3410.0	60.0	9.98783224239	5.7464506575
3410.0	61.0	9.95668340616	6.37651252874
3410.0	62.0	8.16183695128	6.61564964806
3410.0	63.0	8.02503463002	5.97102952903
3410.0	64.0	6.67174397513	5.44144343347
3410.0	65.0	5.83598702481	4.38871505693
3410.0	66.0	10.3969764155	6.97793522402
3420.0	44.0	3.15487199329	8.79413629984
3420.0	60.0	10.455485716	5.59394704548
3420.0	61.0	10.474638041	6.31541562002
3420.0	62.0	8.6827380976	6.56195119312
3420.0	63.0	8.55856368292	5.92091097109
3420.0	64.0	7.30903232708	5.38177848354
3420.0	65.0	6.52736490993	4.40900113991
3420.0	66.0	9.87081364144	7.10466357767
3430.0	44.0	3.12814292436	8.78649918625
3430.0	60.0	10.9231391896	5.44144343347
3430.0	61.0	10.9928031409	6.25408005149
3430.0	62.0	9.20363924392	6.50825273819
3430.0	63.0	9.09209273582	5.87103107295
3430.0	64.0	7.94632067902	5.32211353361
3430.0	65.0	7.20422070248	4.43071918168
3430.0	66.0	9.34465086737	7.23139193132
3440.0	44.0	3.10162432055	8.77886207266
3440.0	60.0	11.4703484746	5.29132641945
3440.0	61.0	11.5071798688	6.18128881258
3440.0	62.0	9.72454039025	6.45455428325
3440.0	63.0	9.63719736975	5.80372900943
3440.0	64.0	8.58339856586	5.26244858368
3440.0	65.0	7.87476254175	4.45291454305
3440.0	66.0	8.82606483726	7.27411203547
3450.0	44.0	3.07489525163	8.77122495907
3450.0	60.0	12.0175577596	5.14144806523
3450.0	61.0	12.0070345041	6.06195891272
3450.0	62.0	10.2534392107	6.39608263232
3450.0	63.0	10.1820915386	5.73642694591
3450.0	64.0	9.2162671505	5.21519394334
3450.0	65.0	8.54530438102	4.47510990443
3450.0	66.0	8.30726834203	7.31659347982
3460.0	44.0	3.04816618271	8.76382650528
3460.0	60.0	12.5647670446	4.99133105121
3460.0	61.0	12.5068891395	5.94262901286
3460.0	62.0	10.7844426823	6.33641768239
3460.0	63.0	10.7271961725	5.66912488239
3460.0	64.0	9.84282178186	5.18679342717
3460.0	65.0	9.21584622028	4.4973052658
3460.0	66.0	7.78720905614	7.35692698597
3470.0	44.0	3.02143711378	8.75618939169
3470.0	60.0	13.1258670269	4.89300321373
3470.0	61.0	13.0067437749	5.82329911301
3470.0	62.0	11.3154461539	6.27675273246
3470.0	63.0	11.2691438298	5.60802797367
3470.0	64.0	10.4691659481	5.15839291101
3470.0	65.0	9.87081364144	4.50494237939
3470.0	66.0	7.26104628208	7.38843007953
3480.0	44.0	2.99470804486	8.7485522781
3480.0	60.0	13.7008577064	4.84646455278
3480.0	61.0	13.5032309685	5.70587849155
3480.0	62.0	11.8462391604	6.21708778254
3480.0	63.0	11.7824682322	5.60206147867
3480.0	64.0	11.0955101143	5.12999239484
3480.0	65.0	10.5022089703	4.49110011101
3480.0	66.0	6.73488350802	7.41969451329
3490.0	44.0	2.96797897594	8.74091516451
3490.0	60.0	14.2756379208	4.79992589184
3490.0	61.0	13.9868797904	5.59633364348
3490.0	62.0	12.3877658874	6.17603829698
3490.0	63.0	12.2957926345	5.59633364348
3490.0	64.0	11.7191182342	5.10302383747
3490.0	65.0	11.1336042992	4.47701918282
3490.0	66.0	6.20872073395	7.45119760685
3500.0	44.0	2.94588013943	8.73494866951
3500.0	60.0	14.8506286003	4.75338723089
3500.0	61.0	14.4703181472	5.48655013561
3500.0	62.0	12.9450774977	6.1626733482
3500.0	63.0	12.8091170369	5.59036714849
3500.0	64.0	12.3313612381	5.0813057957
3500.0	65.0	11.7649996281	4.46293825464
3500.0	66.0	5.68760912252	7.48126874162
3510.0	44.0	2.94251269767	8.73542598911
3510.0	60.0	15.4256192798	4.70684856995
3510.0	61.0	14.953756504	5.37700528754
3510.0	62.0	13.5025995731	6.14954705922
3510.0	63.0	13.3224414393	5.58463931329
3510.0	64.0	12.943604242	5.05958775393
3510.0	65.0	12.3492507724	4.45888103805
3510.0	66.0	5.17365332481	7.50943059798
3520.0	44.0	2.93935572103	8.73566464891
3520.0	61.0	15.4374053259	5.26722177968
3520.0	62.0	14.0599111834	6.13618211043
3520.0	63.0	13.8454472367	5.53404343576
3520.0	64.0	13.5558472459	5.03786971215
3520.0	65.0	12.9335019167	4.45482382145
3520.0	66.0	4.65990799222	7.53735379455
3530.0	44.0	2.93598827928	8.73614196851
3530.0	62.0	14.6172227937	6.12305582145
3530.0	63.0	14.3684530341	5.48344755822
3530.0	64.0	14.0847460664	5.03572177395
3530.0	65.0	13.517753061	4.45052794506
3530.0	66.0	4.14616265962	7.56551565092
3540.0	44.0	2.93283130263	8.73661928811
3540.0	62.0	15.174534404	6.10969087266
3540.0	63.0	14.8914588316	5.43285168068
3540.0	64.0	14.604384422	5.03572177395
3540.0	65.0	14.1017937402	4.44647072846
3540.0	66.0	3.65704174485	7.68818678797
3550.0	44.0	2.92967432599	8.73685794791
3550.0	64.0	15.1238123126	5.03572177395
3550.0	65.0	14.6860448846	4.44241351187
3550.0	66.0	3.16771036497	7.81061926522
3560.0	44.0	2.92630688423	8.73733526751
3560.0	65.0	15.2702960289	4.43835629527
3560.0	66.0	2.6785894502	7.93329040227
3560.0	67.0	14.7115111628	3.89970112732
3570.0	44.0	2.92314990759	8.73757392731
3570.0	66.0	2.20756853486	8.06932648811
3570.0	67.0	13.8170344469	3.92356710729
3580.0	44.0	2.91978246583	8.73805124691
3580.0	66.0	1.77885110655	8.23734298711
3580.0	67.0	12.9196112195	3.97607226323
3590.0	44.0	2.91662548919	8.73828990671
3590.0	66.0	1.35013367825	8.40535948611
3590.0	67.0	12.0175577596	4.07153618311
3600.0	44.0	2.91325804744	8.73876722631
3600.0	66.0	1.00433950313	8.61060691386
3600.0	67.0	11.1155042998	4.167000103
3610.0	44.0	2.91010107079	8.73900588611
3610.0	66.0	0.714108116959	8.84115228038
3610.0	67.0	10.213661305	4.26246402288
3620.0	44.0	2.90673362904	8.73948320571
3620.0	66.0	0.423876730786	9.07145898711
3620.0	67.0	9.34843923935	4.27201041487
3630.0	44.0	2.90357665239	8.73972186551
3630.0	66.0	0.288968595516	9.3258703336
3630.0	67.0	8.48742647587	4.27201041487
3640.0	44.0	2.90020921064	8.74019918511
3640.0	66.0	0.220777899997	9.59030539169
3640.0	67.0	7.62641371239	4.27201041487
3650.0	44.0	2.897052234	8.74067650471
3650.0	66.0	0.152376739369	9.85474044977
3650.0	67.0	6.77971257637	4.28442072446
3660.0	44.0	2.89368479224	8.74091516451
3660.0	66.0	0.0841860438502	10.1191755079
3660.0	67.0	5.94248237028	4.30518412703
3670.0	44.0	2.8905278156	8.7413924841
3670.0	67.0	5.10525216419	4.32594752961
3680.0	44.0	2.88716037384	8.7416311439
3680.0	67.0	4.26781149299	4.34671093218
3690.0	44.0	2.8840033972	8.7421084635
3690.0	67.0	3.4305812869	4.36747433476
3700.0	44.0	2.88063595544	8.7423471233
3700.0	67.0	2.60871503381	4.3333459834
3710.0	44.0	2.8774789788	8.7428244429
3710.0	67.0	1.78684878072	4.29921763204
3720.0	44.0	2.87411153705	8.7430631027
3720.0	67.0	0.965192992743	4.26508928068
3730.0	44.0	2.8709545604	8.7435404223
3730.0	67.0	0.143326739655	4.23119958912
3740.0	44.0	2.86758711865	8.7437790821
3750.0	44.0	2.864430142	8.7442564017
3760.0	44.0	2.86106270025	8.7447337213
3760.0	68.0	-0.0694534861764	5.2440717791
3770.0	44.0	2.85790572361	8.7449723811
3770.0	68.0	0.383256964628	5.39585941172
3780.0	44.0	2.85453828185	8.7454497007
3780.0	68.0	0.836177880542	5.54764704434
3790.0	44.0	2.85138130521	8.7456883605
3790.0	68.0	1.28888833135	5.69967333676
3800.0	44.0	2.84822432856	8.7461656801
3800.0	68.0	1.72581389893	5.82449241201
3810.0	44.0	2.84485688681	8.7464043399
3810.0	68.0	2.14674411818	5.92234292989
3820.0	44.0	2.84169991016	8.7468816595
3820.0	68.0	2.56767433743	6.02043210757
3830.0	44.0	2.83833246841	8.7471203193
3830.0	68.0	2.98860455668	6.11828262545
3840.0	44.0	2.83517549177	8.7475976389
3840.0	68.0	3.42658244981	6.15742283261
3850.0	44.0	2.83180805001	8.7478362987
3850.0	68.0	3.87592545886	6.15742283261
3860.0	44.0	2.82865107337	8.7483136183
3860.0	68.0	4.32526846791	6.15742283261
3870.0	44.0	2.82528363161	8.7487909379
3870.0	68.0	4.77461147696	6.15742283261
3880.0	44.0	2.82212665497	8.7490295977
3880.0	68.0	5.22332309069	6.10086046007
3890.0	44.0	2.81875921321	8.74950691729
3890.0	68.0	5.67203470441	6.03809293275
3900.0	44.0	2.81560223657	8.74974557709
3900.0	68.0	6.12074631813	5.97532540543
3910.0	44.0	2.81223479482	8.75022289669
3910.0	68.0	6.57008932718	5.90444344491
3910.0	69.0	15.2056832402	5.76172488468
3920.0	44.0	2.80907781817	8.75046155649
3920.0	68.0	7.02595675463	5.76124756508
3920.0	69.0	14.6285879096	5.8309362266
3920.0	70.0	14.8994565057	5.0786805379
3930.0	44.0	2.80571037642	8.75093887609
3930.0	68.0	7.48203464719	5.61805168525
3930.0	69.0	14.0517030441	5.90038622832
3930.0	70.0	14.3173100125	5.12641249784
3940.0	44.0	2.80255339977	8.75117753589
3940.0	68.0	7.93790207464	5.47413982603
3940.0	69.0	13.4746077136	5.96959757023
3940.0	70.0	13.7349530542	5.17414445779
3950.0	44.0	2.79918595802	8.75165485549
3950.0	68.0	8.39166485099	5.32497745121
3950.0	69.0	12.914770522	6.06339087152
3950.0	70.0	13.1467030728	5.26435786208
3960.0	44.0	2.79602898138	8.75213217509
3960.0	68.0	8.84542762734	5.17581507639
3960.0	69.0	12.3622996092	6.16792386379
3960.0	70.0	12.5491926265	5.41829343289
3970.0	44.0	2.79266153962	8.75237083489
3970.0	68.0	9.29919040369	5.02665270156
3970.0	69.0	11.8098286964	6.27221819627
3970.0	70.0	11.9516821803	5.57222900371
3980.0	44.0	2.78950456298	8.75284815449
3980.0	68.0	9.80472759701	4.95052022546
3980.0	69.0	11.259883365	6.3278259296
3980.0	70.0	11.3625903385	5.69275220256
3990.0	44.0	2.78613712122	8.75308681429
3990.0	68.0	10.3157368832	4.88226352274
3990.0	69.0	10.7126740799	6.33474706379
3990.0	70.0	10.7930717518	5.73475632731
4000.0	44.0	2.78298014458	8.75356413389
4000.0	68.0	10.8284298902	4.81806403662
4000.0	69.0	10.1654647949	6.34142953819
4000.0	70.0	10.2235531652	5.77699911186
4000.0	71.0	-0.175738366537	6.3259166512
4010.0	44.0	2.77961270282	8.75380279369
4010.0	68.0	11.3545926643	4.79014084005
4010.0	69.0	9.61825550989	6.34835067238
4010.0	70.0	9.65424504363	5.81900323661
4010.0	71.0	0.42156161458	6.20276819455
4020.0	44.0	2.77645572618	8.75428011329
4020.0	68.0	11.8807554384	4.76197898368
4020.0	69.0	9.06641599245	6.34190685779
4020.0	70.0	9.12366250227	5.78034034906
4020.0	71.0	1.01907206081	6.0796197379
4030.0	44.0	2.77308828443	8.75451877309
4030.0	68.0	12.4069182124	4.73381712732
4030.0	69.0	8.51478694012	6.33546304319
4030.0	70.0	8.5974997282	5.73260838912
4030.0	71.0	1.61658250703	5.95647128125
4040.0	44.0	2.76993130778	8.75499609269
4040.0	68.0	12.9471821488	4.78226506666
4040.0	69.0	7.96294742268	6.3290192286
4040.0	70.0	8.07133695414	5.68487642917
4040.0	71.0	2.21177783705	5.8333228246
4050.0	44.0	2.76677433114	8.75523475249
4050.0	68.0	13.4935495734	4.86364805836
4050.0	69.0	7.44183581125	6.32448469241
4050.0	70.0	7.58768813222	5.68010323318
4050.0	71.0	2.80486851598	5.71041302774
4060.0	44.0	2.76340688938	8.75571207209
4060.0	68.0	14.039916998	4.94479239026
4060.0	69.0	6.99186140687	6.32448469241
4060.0	70.0	7.10866954271	5.68010323318
4060.0	71.0	3.3979591949	5.58750323089
4070.0	44.0	2.76024991274	8.75618939169
4070.0	68.0	14.5860739575	5.02617538197
4070.0	69.0	6.54188700249	6.32448469241
4070.0	70.0	6.6296509532	5.68010323318
4070.0	71.0	3.97484406039	5.47103724863
4080.0	44.0	2.75688247098	8.75642805149
4080.0	68.0	15.1324413821	5.10731971387
4080.0	69.0	6.19146259496	6.33761098139
4080.0	70.0	6.36467538019	5.75957694648
4080.0	71.0	4.48585334656	5.38010786494
4090.0	44.0	2.75372549434	8.75690537109
4090.0	69.0	5.99067888038	6.37006871415
4090.0	70.0	6.09948934206	5.83928931959
4090.0	71.0	4.97686844731	5.30516868783
4090.0	72.0	-0.145220925642	4.71114444634
4100.0	44.0	2.75035805259	8.75714403089
4100.0	69.0	5.81241493253	6.39799191072
4100.0	70.0	5.95090097466	5.90086354792
4100.0	71.0	5.28646262357	5.37557332875
4100.0	72.0	0.408933708002	4.67940269298
4110.0	44.0	2.74720107594	8.75762135049
4110.0	69.0	5.72465098181	6.40801562231
4110.0	70.0	6.07360213357	5.92067231129
4110.0	71.0	5.52344633701	5.48129962002
4110.0	72.0	0.963298806756	4.64742227982
4120.0	44.0	2.74383363419	8.75786001028
4120.0	69.0	5.6368870311	6.41803933389
4120.0	70.0	6.19651375759	5.94071973447
4120.0	71.0	5.6522509841	5.64024704663
4120.0	72.0	1.5174534404	4.61568052646
4130.0	44.0	2.74067665754	8.75833732988
4130.0	69.0	5.62341726408	6.4168460349
4130.0	70.0	6.21271957104	5.99179293161
4130.0	71.0	5.72296726094	5.69012694477
4130.0	72.0	2.09623249187	4.58704135049
4140.0	44.0	2.73730921579	8.75857598968
4140.0	69.0	5.62846842672	6.4127888183
4140.0	70.0	6.21713933834	6.04644602574
4140.0	71.0	5.75537888782	5.667215604
4140.0	72.0	2.68553479882	4.55983413333
4150.0	44.0	2.76067084296	8.75595073189
4150.0	69.0	5.63351958935	6.40873160171
4150.0	70.0	6.22134864053	6.10133777967
4150.0	71.0	5.7877905147	5.64430426322
4150.0	72.0	3.27483710577	4.53238825636
4160.0	44.0	2.80150107423	8.75141619569
4160.0	69.0	5.63836028687	6.40491304491
4160.0	70.0	6.22576840783	6.15599087381
4160.0	71.0	5.82020214158	5.62139292245
4160.0	72.0	3.85782545944	4.50947691559
4170.0	44.0	2.84233130549	8.7468816595
4170.0	69.0	5.6434114495	6.40085582831
4170.0	70.0	6.22997771003	6.20515479255
4170.0	71.0	5.85261376847	5.59848158168
4170.0	72.0	4.41576846505	4.50398774019
4180.0	44.0	2.88316153676	8.7421084635
4180.0	69.0	5.64846261213	6.39703727152
4180.0	70.0	6.23124050068	6.20420015335
4180.0	71.0	5.84714167562	5.61280116966
4180.0	72.0	4.97392193578	4.4984985648
4190.0	44.0	2.92399176803	8.73757392731
4190.0	69.0	5.65351377476	6.39298005492
4190.0	70.0	6.23250329134	6.20324551415
4190.0	71.0	5.78526493339	5.68296715078
4190.0	72.0	5.5318649414	4.49300938941
4200.0	44.0	2.96482199929	8.73280073131
4200.0	69.0	5.65835447228	6.38892283833
4200.0	70.0	6.23397654711	6.20229087495
4200.0	71.0	5.72338819116	5.75313313189
4200.0	72.0	6.08980794701	4.48728155421
4210.0	44.0	3.00586269567	8.72826619512
4210.0	69.0	5.66340563491	6.38510428153
4210.0	70.0	6.23523933777	6.20133623575
4210.0	71.0	5.66151144893	5.82329911301
4210.0	72.0	6.66037885921	4.52546712217
4220.0	44.0	3.04669292694	8.72349299913
4220.0	69.0	5.66845679754	6.38104706494
4220.0	70.0	6.23671259353	6.20038159656
4220.0	71.0	5.6892928434	5.80754756623
4220.0	72.0	7.23242302717	4.56818722632
4230.0	44.0	3.08752315821	8.71895846293
4230.0	69.0	5.67350796018	6.37698984834
4230.0	70.0	6.23797538419	6.19942695736
4230.0	71.0	5.71707423787	5.79179601945
4230.0	72.0	7.80446719513	4.61114599026
4240.0	44.0	3.12835338947	8.71442392674
4240.0	69.0	5.6783486577	6.37317129155
4240.0	70.0	6.23944863996	6.19871097796
4240.0	71.0	5.74485563234	5.77604447266
4240.0	72.0	8.3765113631	4.65386609441
4250.0	44.0	3.14666385401	8.71346928754
4250.0	69.0	5.68339982033	6.36911407495
4250.0	70.0	6.24071143062	6.19775633876
4250.0	71.0	5.77263702681	5.76029292588
4250.0	72.0	8.99085901809	4.660309909
4250.0	73.0	-0.161637204192	4.82092795421
4260.0	44.0	3.11256850625	8.72110640113
4260.0	69.0	5.68845098296	6.36529551816
4260.0	70.0	6.24197422127	6.19680169956
4260.0	71.0	5.80041842128	5.7445413791
4260.0	72.0	9.60520667309	4.6667537236
4260.0	73.0	0.347688361101	4.82092795421
4260.0	74.0	0.228565109053	4.38513515993
4270.0	44.0	3.07826269338	8.72898217452
4270.0	69.0	5.69350214559	6.36123830156
4270.0	70.0	6.24344747704	6.19584706036
4270.0	71.0	5.82819981575	5.72878983232
4270.0	72.0	10.2195543281	4.67319753819
4270.0	73.0	0.856803461286	4.82092795421
4270.0	74.0	0.709477884548	4.36484907696
4280.0	44.0	3.04395688051	8.73661928811
4280.0	69.0	5.69834284311	6.35718108497
4280.0	70.0	6.2447102677	6.19489242116
4280.0	71.0	5.85619167533	5.71303828554
4280.0	72.0	10.8353752389	4.66866300199
4280.0	73.0	1.36591856147	4.82092795421
4280.0	74.0	1.19060112515	4.34432433418
4290.0	44.0	3.00986153275	8.7444950615
4290.0	69.0	5.70339400574	6.35336252817
4290.0	70.0	6.24618352347	6.19393778196
4290.0	71.0	5.8839730698	5.69728673876
4290.0	72.0	11.4551949867	4.63883052703
4290.0	73.0	1.87987435918	4.81520011902
4290.0	74.0	1.67172436576	4.32379959141
4300.0	44.0	2.97555571989	8.75213217509
4300.0	69.0	5.70844516837	6.34930531158
4300.0	70.0	6.24744631412	6.19322180256
4300.0	71.0	5.91175446427	5.68153519198
4300.0	72.0	12.0748042694	4.60899805207
4300.0	73.0	2.39824992418	4.80350578883
4300.0	74.0	2.19767667471	4.27964752846
4310.0	44.0	2.94146037213	8.76000794848
4310.0	69.0	5.713496331	6.34524809498
4310.0	70.0	6.24891956989	6.19226716337
4310.0	71.0	5.93953585874	5.6657836452
4310.0	72.0	12.6946240173	4.5791655771
4310.0	73.0	2.9168359543	4.79181145865
4310.0	74.0	2.73499409958	4.22929031072
4320.0	44.0	2.90715455926	8.76764506207
4320.0	69.0	5.71833702853	6.34142953819
4320.0	70.0	6.25018236055	6.19131252417
4320.0	71.0	5.95511027685	5.65552127381
4320.0	72.0	13.3142333	4.54933310214
4320.0	73.0	3.43521151931	4.78011712846
4320.0	74.0	3.27210105935	4.17917175278
4330.0	44.0	2.87284874639	8.77552083546
4330.0	69.0	5.72338819116	6.33737232159
4330.0	70.0	6.25144515121	6.19035788497
4330.0	71.0	5.95258469554	5.65385065521
4330.0	72.0	13.9340530479	4.51950062717
4330.0	73.0	3.95674406096	4.77319599427
4330.0	74.0	3.80941848422	4.12881453504
4340.0	44.0	2.83875339863	8.78315794905
4340.0	69.0	5.72843935379	6.3335537648
4340.0	70.0	6.25291840697	6.18940324577
4340.0	71.0	5.94984864911	5.65218003661
4340.0	72.0	14.5536623306	4.48966815221
4340.0	73.0	4.48290683502	4.77319599427
4340.0	74.0	4.35157660662	4.13955422603
4350.0	44.0	2.80444758576	8.79103372244
4350.0	69.0	5.73349051642	6.3294965482
4350.0	70.0	6.25418119763	6.18844860657
4350.0	71.0	5.9473230678	5.65074807782
4350.0	72.0	15.1732716133	4.45983567725
4350.0	73.0	5.00906960909	4.77319599427
4350.0	74.0	4.89373472901	4.15053257682
4360.0	44.0	2.770352238	8.79867083604
4360.0	69.0	5.73833121394	6.32543933161
4360.0	70.0	6.2556544534	6.18749396737
4360.0	71.0	5.94458702137	5.64907745922
4360.0	73.0	5.53523238315	4.77319599427
4360.0	74.0	5.4356823863	4.1612722678
4370.0	44.0	2.73604642513	8.80654660943
4370.0	69.0	5.74338237657	6.32162077481
4370.0	70.0	6.25691724406	6.18677798797
4370.0	71.0	5.94206144006	5.64740684062
4370.0	73.0	6.06455213386	4.77319599427
4370.0	74.0	5.97784050869	4.17225061859
4380.0	44.0	2.72047200702	8.80129609383
4380.0	69.0	5.7484335392	6.31756355821
4380.0	70.0	6.25839049982	6.18582334877
4380.0	71.0	5.93932539363	5.64573622202
4380.0	73.0	6.60649979115	4.77319599427
4380.0	74.0	6.51999863109	4.18299030958
4380.0	75.0	15.0903483602	5.68010323318
4390.0	44.0	2.70510805402	8.79604557824
4390.0	69.0	5.75348470183	6.31350634162
4390.0	70.0	6.25965329048	6.18486870957
4390.0	71.0	5.93679981232	5.64406560342
4390.0	73.0	7.14844744843	4.77319599427
4390.0	74.0	7.06215675348	4.19396866036
4390.0	75.0	14.4589530313	5.69657075936
4400.0	44.0	2.6895336359	8.79079506265
4400.0	69.0	5.75832539935	6.30968778482
4400.0	70.0	6.26091608114	6.18391407038
4400.0	71.0	5.934274231	5.64239498483
4400.0	73.0	7.69039510572	4.77319599427
4400.0	74.0	7.61483813136	4.19707123776
4400.0	75.0	13.8275577024	5.71303828554
4410.0	44.0	2.6741696829	8.78554454705
4410.0	69.0	5.76337656199	6.30563056823
4410.0	70.0	6.26238933691	6.18295943118
4410.0	71.0	5.93153818458	5.64072436623
4410.0	73.0	8.22876485614	4.77605991187
4410.0	74.0	8.18330439246	4.18871814477
4410.0	75.0	13.2020553966	5.72902849212
4420.0	44.0	2.65859526479	8.78029403146
4420.0	69.0	5.76842772462	6.30181201143
4420.0	70.0	6.26365212757	6.18200479198
4420.0	71.0	5.92901260326	5.63905374763
4420.0	73.0	8.75282297911	4.79061815965
4420.0	74.0	8.75198111867	4.18036505178
4420.0	75.0	12.6300112286	5.74120014191
4430.0	44.0	2.64323131179	8.77504351586
4430.0	69.0	5.77347888725	6.29775479484
4430.0	70.0	6.26512538333	6.18105015278
4430.0	71.0	5.92627655684	5.63738312903
4430.0	73.0	9.27688110207	4.80541506723
4430.0	74.0	9.32065784488	4.17201195879
4430.0	75.0	12.0579670607	5.75361045149
4440.0	44.0	2.62765689367	8.76979300027
4440.0	69.0	5.77831958477	6.29369757824
4440.0	70.0	6.26638817399	6.18033417338
4440.0	71.0	5.92375097552	5.63571251043
4440.0	73.0	9.80072875993	4.81997331501
4440.0	74.0	9.88933457108	4.1636588658
4440.0	75.0	11.4859228927	5.76578210128
4450.0	44.0	2.61229294067	8.76454248468
4450.0	69.0	5.7833707474	6.28987902145
4450.0	70.0	6.26765096465	6.17937953418
4450.0	71.0	5.92101492909	5.63404189184
4450.0	73.0	10.3247868829	4.8345315628
4450.0	74.0	10.4578008322	4.15530577281
4450.0	75.0	10.914299655	5.74167746151
4450.0	76.0	15.0577262682	5.1610181688
4460.0	44.0	2.59671852256	8.75905330928
4460.0	69.0	5.78842191003	6.28582180485
4460.0	70.0	6.26912422042	6.17842489498
4460.0	71.0	5.91848934778	5.63260993304
4460.0	73.0	10.860631052	4.8309516658
4460.0	74.0	11.0165856982	4.14647536022
4460.0	75.0	10.3439392079	5.57222900371
4460.0	76.0	14.5210402386	5.22068311873
4460.0	77.0	15.0482553382	5.91876303289
4470.0	44.0	2.58135456956	8.75380279369
4470.0	69.0	5.79347307266	6.28176458826
4470.0	70.0	6.27038701107	6.17747025578
4470.0	71.0	5.91596376646	5.63093931444
4470.0	73.0	11.4242566156	4.78465166466
4470.0	74.0	11.570950797	4.13788360743
4470.0	75.0	9.7737892259	5.40301920571
4470.0	76.0	13.9830914184	5.27748415106
4470.0	77.0	14.5180937271	5.98940633361
4470.0	78.0	15.0693018492	5.44144343347
4480.0	44.0	2.56578015144	8.7485522781
4480.0	69.0	5.79831377018	6.27794603146
4480.0	70.0	6.27186026684	6.17651561658
4480.0	71.0	5.91322772004	5.62926869584
4480.0	73.0	11.9876717141	4.73859032331
4480.0	74.0	12.1253158957	4.12905319484
4480.0	75.0	9.20153459283	5.23309342832
4480.0	76.0	13.4339879474	5.30850992503
4480.0	77.0	13.988142581	6.06028829412
4480.0	78.0	14.5201983782	5.51399601258
4490.0	44.0	2.55041619844	8.7433017625
4490.0	69.0	5.80336493281	6.27388881487
4490.0	70.0	6.2731230575	6.17556097739
4490.0	71.0	5.91070213872	5.62759807724
4490.0	73.0	12.5466670452	4.69968877596
4490.0	74.0	12.6796809945	4.12046144205
4490.0	75.0	8.61223228588	5.05791713533
4490.0	76.0	12.8850949415	5.33977435879
4490.0	77.0	13.4550344584	6.13355685264
4490.0	78.0	13.9713053723	5.58678725149
4500.0	44.0	2.53484178033	8.73805124691
4500.0	69.0	5.80841609545	6.26983159827
4500.0	70.0	6.27459631327	6.17460633819
4500.0	71.0	5.9079660923	5.62592745865
4500.0	73.0	13.0871414467	4.69038104377
4500.0	74.0	13.2340460933	4.11163102946
4500.0	75.0	8.00819742125	4.92832486408
4500.0	76.0	12.3481984468	5.33905837939
4500.0	77.0	12.914770522	6.21303056594
4500.0	78.0	13.389158879	5.65862385121
4500.0	79.0	15.2212576583	5.44359137166
4510.0	44.0	2.51947782733	8.73280073131
4510.0	69.0	5.81346725808	6.26601304148
4510.0	70.0	6.27585910392	6.17389035879
4510.0	71.0	5.90544051098	5.62425684005
4510.0	73.0	13.6278263134	4.68107331158
4510.0	74.0	13.7886216571	4.10280061687
4510.0	75.0	7.39427069647	4.8288037276
4510.0	76.0	11.8146693939	5.3307052864
4510.0	77.0	12.3747170507	6.29274293904
4510.0	78.0	12.7927007584	5.73022179112
4510.0	79.0	14.6721541873	5.43309034048
4510.0	80.0	-0.11217790343	4.69897279656
4520.0	44.0	2.50390340921	8.72755021572
4520.0	69.0	5.8183079556	6.26195582488
4520.0	70.0	6.27712189458	6.17293571959
4520.0	71.0	5.90270446456	5.62258622145
4520.0	73.0	14.16851118	4.67176557939
4520.0	74.0	14.3429867559	4.09420886408
4520.0	75.0	6.78286955301	4.75601248869
4520.0	76.0	11.2809298759	5.32211353361
4520.0	77.0	11.8479228813	6.36457953876
4520.0	78.0	12.1964531028	5.80181973103
4520.0	79.0	14.1230507163	5.42282796909
4520.0	80.0	0.402198824494	4.62832949584
4520.0	81.0	0.288968595516	3.9109181379
4530.0	44.0	2.48853945621	8.72229970013
4530.0	69.0	5.82335911823	6.25813726809
4530.0	70.0	6.27859515035	6.17198108039
4530.0	71.0	5.90017888324	5.62091560285
4530.0	73.0	14.7089855815	4.6622191874
4530.0	74.0	14.8973518546	4.08537845149
4530.0	75.0	6.18051840926	4.78894754105
4530.0	76.0	10.7810752406	5.26244858368
4530.0	77.0	11.3522775481	6.41851665349
4530.0	78.0	11.6469287016	5.85026767038
4530.0	79.0	13.5375367813	5.36578827696
4530.0	80.0	0.916786017529	4.55744753533
4530.0	81.0	0.801240672344	3.90280370471
4540.0	44.0	2.4729650381	8.71704918453
4540.0	69.0	5.82841028086	6.25408005149
4540.0	70.0	6.27985794101	6.17102644119
4540.0	71.0	5.89765330193	5.61924498425
4540.0	73.0	15.2496704481	4.65291145521
4540.0	74.0	15.4517169534	4.07678669871
4540.0	75.0	5.57795680041	4.82164393361
4540.0	76.0	10.2812206052	5.20278363375
4540.0	77.0	10.8566322149	6.47221510843
4540.0	78.0	11.1173984857	5.88869189813
4540.0	79.0	12.9151914522	5.26197126408
4540.0	80.0	1.43116274545	4.48680423461
4540.0	81.0	1.31330228406	3.89492793132
4550.0	44.0	2.45739061999	8.71179866894
4550.0	69.0	5.82883121108	6.25288675249
4550.0	70.0	6.28133119677	6.17007180199
4550.0	71.0	5.8949172555	5.61757436566
4550.0	75.0	4.97792077286	4.89419651272
4550.0	76.0	9.78136596985	5.14311868382
4550.0	77.0	10.3622496724	6.52782284176
4550.0	78.0	10.5876578048	5.92711612588
4550.0	79.0	12.2962135648	5.1674619834
4550.0	80.0	1.95374761265	4.45386918225
4550.0	81.0	1.81378831475	3.87893772474
4550.0	82.0	7.78720905614	0.421711866094
4560.0	44.0	2.44202666699	8.70654815335
4560.0	69.0	5.8271474902	6.25264809269
4560.0	70.0	6.28259398743	6.16911716279
4560.0	71.0	5.89239167419	5.61590374706
4560.0	75.0	4.38272544284	5.05887177453
4560.0	76.0	9.35769970417	5.05051868154
