10 1 14.935 5.307
20 1 14.495 5.329
30 1 14.054 5.351
40 1 13.614 5.374
50 1 13.173 5.394
60 1 12.726 5.394
70 1 12.28 5.394
80 1 11.834 5.394
90 1 11.388 5.394
100 1 10.956 5.398
110 1 10.654 5.439
120 1 10.352 5.481
130 1 10.001 5.498
140 1 9.637 5.509
150 1 9.194 5.5
160 1 8.696 5.478
170 1 8.199 5.457
180 1 7.701 5.427
190 1 7.201 5.379
200 1 6.702 5.332
10 2 15.182 5.825
20 2 14.829 5.816
30 2 14.476 5.808
40 2 14.122 5.799
50 2 13.688 5.872
60 2 13.255 5.944
70 2 12.821 6.016
80 2 12.358 6.063
90 2 11.883 6.098
100 2 11.407 6.134
110 2 10.934 6.124
120 2 10.46 6.114
130 2 9.995 6.115
140 2 9.535 6.124
150 2 9.075 6.133
160 2 8.582 6.139
170 2 8.086 6.145
180 2 7.589 6.151
190 2 7.093 6.157
200 2 6.606 6.123
80 3 4.038 0.129
90 3 4.431 0.94
100 3 4.846 1.607
110 3 5.276 2.178
120 3 5.737 2.731
130 3 6.268 3.242
140 3 6.793 3.715
150 3 7.294 4.033
160 3 7.813 4.344
170 3 8.489 4.582
180 3 9.153 4.835
190 3 9.812 5.095
200 3 10.466 5.31
210 3 11.112 5.458
220 3 11.758 5.606
230 3 12.396 5.835
240 3 13.028 6.145
250 3 13.607 6.476
260 3 14.133 6.827
270 3 14.659 7.178
210 5 7.291 0.194
220 5 6.962 0.941
230 5 6.632 1.688
240 5 6.244 2.435
250 5 5.842 3.183
260 5 5.462 3.846
270 5 5.105 4.428
280 5 4.728 4.983
290 5 4.269 5.435
300 5 3.811 5.886
310 5 3.372 6.343
320 5 2.964 6.806
330 5 2.555 7.269
340 5 2.147 7.733
350 5 1.726 8.095
360 5 1.305 8.458
370 5 0.974 8.827
380 5 0.734 9.202
390 5 0.493 9.577
400 5 0.253 9.952
210 6 6.693 0.095
220 6 6.328 0.821
230 6 5.964 1.546
240 6 5.591 2.23
250 6 5.204 2.854
260 6 4.817 3.478
270 6 4.427 4.07
280 6 4.028 4.59
290 6 3.63 5.11
300 6 3.205 5.586
310 6 2.752 6.019
320 6 2.3 6.453
330 6 1.885 6.914
340 6 1.478 7.384
350 6 1.072 7.853
360 6 0.723 8.267
370 6 0.381 8.674
380 6 0.16 9.07
390 6 0.06 9.454
400 6 -0.041 9.838
220 4 -0.028 6.828
230 4 0.531 6.818
240 4 1.09 6.809
250 4 1.656 6.791
260 4 2.252 6.735
270 4 2.848 6.679
280 4 3.449 6.615
290 4 4.066 6.516
300 4 4.682 6.418
310 4 5.297 6.328
320 4 5.907 6.261
330 4 6.517 6.193
340 4 7.127 6.126
350 4 7.745 6.064
360 4 8.377 6.011
370 4 9.008 5.957
380 4 9.639 5.903
390 4 10.271 5.886
400 4 10.902 5.924
410 4 11.533 5.962
