training
9 0 43.81206512451172
9 1 30.72865104675293
9 2 22.181949615478516
9 3 109.29739379882812
9 4 8.946833610534668
9 5 5.739964962005615
9 6 8.962706565856934
9 7 11.140286445617676
9 8 550.2318115234375
9 9 171.05316162109375
9 10 50.419578552246094
9 11 181.98361206054688
9 12 96.39646911621094
9 13 34.902889251708984
9 14 288.8429260253906
9 15 257.0161437988281
9 16 81.87319946289062
9 17 29.236066818237305
9 18 141.73597717285156
9 19 4.395220756530762
9 20 48.20033645629883
9 21 45.87773895263672
9 22 14.972772598266602
9 23 25.050247192382812
9 24 141.38267517089844
9 25 12.838170051574707
9 26 119.29686737060547
9 27 111.935302734375
9 28 12.164234161376953
9 29 19.110782623291016
9 30 91.75130462646484
9 31 418.134521484375
9 32 381.999267578125
9 33 81.85649108886719
9 34 77.09239196777344
19 0 36.71891403198242
19 1 33.340675354003906
19 2 18.793935775756836
19 3 111.7536849975586
19 4 9.646574974060059
19 5 3.968841791152954
19 6 14.553020477294922
19 7 22.421091079711914
19 8 547.7459106445312
19 9 180.38809204101562
19 10 47.28228759765625
19 11 191.8831787109375
19 12 101.4478759765625
19 13 25.148256301879883
19 14 268.62347412109375
19 15 253.62628173828125
19 16 56.9969367980957
19 17 15.69793701171875
19 18 135.52593994140625
19 19 7.903530120849609
19 20 48.99424362182617
19 21 24.910892486572266
19 22 8.88241958618164
19 23 27.015541076660156
19 24 98.30386352539062
19 25 7.365028381347656
19 26 101.40800476074219
19 27 62.193382263183594
19 28 8.611393928527832
19 29 37.868408203125
19 30 75.07176971435547
19 31 408.7781982421875
19 32 409.15655517578125
19 33 87.19694519042969
19 34 62.37692642211914
29 0 29.963829040527344
29 1 33.503448486328125
29 2 20.300151824951172
29 3 111.76610565185547
29 4 2.718594551086426
29 5 7.064596652984619
29 6 10.710748672485352
29 7 23.491025924682617
29 8 563.6265258789062
29 9 144.31472778320312
29 10 49.777320861816406
29 11 177.66854858398438
29 12 103.81378173828125
29 13 17.278369903564453
29 14 261.4561462402344
29 15 244.91294860839844
29 16 75.54438018798828
29 17 28.917654037475586
29 18 95.7138900756836
29 19 7.685718536376953
29 20 54.376773834228516
29 21 31.4238338470459
29 22 7.848944187164307
29 23 21.028318405151367
29 24 78.38126373291016
29 25 11.51811695098877
29 26 106.08503723144531
29 27 52.62947082519531
29 28 16.076711654663086
29 29 25.373432159423828
29 30 88.13843536376953
29 31 448.2258605957031
29 32 358.96148681640625
29 33 84.67215728759766
29 34 76.7081069946289
39 0 30.939233779907227
39 1 31.922718048095703
39 2 14.947500228881836
39 3 110.15660095214844
39 4 2.221494674682617
39 5 14.936846733093262
39 6 8.165461540222168
39 7 15.160284042358398
39 8 535.6685791015625
39 9 193.82713317871094
39 10 55.817726135253906
39 11 168.8029022216797
39 12 82.52005767822266
39 13 20.042186737060547
39 14 271.37335205078125
39 15 231.43386840820312
39 16 54.702308654785156
39 17 15.639503479003906
39 18 110.30087280273438
39 19 6.494668960571289
39 20 52.17394256591797
39 21 40.159786224365234
39 22 6.870397567749023
39 23 13.03917121887207
39 24 73.48394012451172
39 25 10.18152904510498
39 26 100.82339477539062
39 27 61.492557525634766
39 28 10.767550468444824
39 29 29.898103713989258
39 30 73.37077331542969
39 31 391.08026123046875
39 32 358.8912353515625
39 33 95.5208511352539
39 34 54.4350471496582
49 0 26.005130767822266
49 1 23.251008987426758
49 2 14.651329040527344
49 3 125.15691375732422
49 4 4.222929000854492
49 5 1.5981366634368896
49 6 13.07144546508789
49 7 13.531261444091797
49 8 533.5903930664062
49 9 127.72306060791016
49 10 40.235191345214844
49 11 181.7325897216797
49 12 90.21367645263672
49 13 14.182709693908691
49 14 269.2729187011719
49 15 222.50497436523438
49 16 37.096397399902344
49 17 12.884620666503906
49 18 102.67713928222656
49 19 5.782925605773926
49 20 39.055335998535156
49 21 32.07411575317383
49 22 5.129647731781006
49 23 15.82601261138916
49 24 67.4371109008789
49 25 9.788081169128418
49 26 102.11595916748047
49 27 53.41715621948242
49 28 22.904712677001953
49 29 36.41661071777344
49 30 106.26628875732422
49 31 397.2433776855469
49 32 369.12591552734375
49 33 79.873046875
49 34 70.19813537597656
59 0 27.320602416992188
59 1 34.37783432006836
59 2 16.434301376342773
59 3 95.6498031616211
59 4 15.231500625610352
59 5 3.7492868900299072
59 6 14.48470401763916
59 7 16.186552047729492
59 8 538.7431030273438
59 9 134.53860473632812
59 10 47.34382629394531
59 11 173.4267120361328
59 12 77.81074523925781
59 13 18.922504425048828
59 14 264.1962890625
59 15 235.0054168701172
59 16 64.11544799804688
59 17 19.46122169494629
59 18 100.99337768554688
59 19 5.675701141357422
59 20 39.10132598876953
59 21 26.836118698120117
59 22 6.746908664703369
59 23 13.764565467834473
59 24 81.28717803955078
59 25 5.803348541259766
59 26 97.07366943359375
59 27 47.05910110473633
59 28 16.63289451599121
59 29 22.750286102294922
59 30 74.38977813720703
59 31 387.139404296875
59 32 342.7216796875
59 33 85.66908264160156
59 34 71.68075561523438
69 0 26.464401245117188
69 1 34.527366638183594
69 2 13.05255126953125
69 3 97.57147979736328
69 4 1.8552120923995972
69 5 4.321592807769775
69 6 20.131235122680664
69 7 19.854633331298828
69 8 551.5960693359375
69 9 122.66941833496094
69 10 47.00861358642578
69 11 172.99818420410156
69 12 82.3721923828125
69 13 8.492383003234863
69 14 268.8275451660156
69 15 231.2782745361328
69 16 46.97149658203125
69 17 16.319961547851562
69 18 109.23632049560547
69 19 3.3535420894622803
69 20 37.067626953125
69 21 26.074296951293945
69 22 10.44213581085205
69 23 10.685853958129883
69 24 73.13574981689453
69 25 7.367773532867432
69 26 98.15135955810547
69 27 48.988616943359375
69 28 22.315715789794922
69 29 32.115238189697266
69 30 81.71260833740234
69 31 391.6905517578125
69 32 355.2004699707031
69 33 74.56797790527344
69 34 67.42332458496094
79 0 26.63416290283203
79 1 32.23502731323242
79 2 17.384897232055664
79 3 110.82888793945312
79 4 7.851215362548828
79 5 10.65954875946045
79 6 21.255474090576172
79 7 13.674120903015137
79 8 515.5326538085938
79 9 154.3950958251953
79 10 38.99479675292969
79 11 170.9708709716797
79 12 79.78820037841797
79 13 14.369331359863281
79 14 282.285888671875
79 15 229.70755004882812
79 16 38.131046295166016
79 17 11.565118789672852
79 18 112.02365112304688
79 19 5.532841682434082
79 20 42.7540168762207
79 21 31.572818756103516
79 22 4.676383972167969
79 23 14.338850021362305
79 24 73.93401336669922
79 25 7.5868072509765625
79 26 101.0541763305664
79 27 57.46039962768555
79 28 18.36973762512207
79 29 35.42562484741211
79 30 97.32572937011719
79 31 388.2956848144531
79 32 340.8052978515625
79 33 66.79539489746094
79 34 71.95274353027344
89 0 25.412860870361328
89 1 27.217456817626953
89 2 13.766090393066406
89 3 117.74586486816406
89 4 6.118924617767334
89 5 3.9965035915374756
89 6 9.056683540344238
89 7 9.172045707702637
89 8 523.8653564453125
89 9 145.95614624023438
89 10 38.9792366027832
89 11 185.18746948242188
89 12 82.34215545654297
89 13 13.957001686096191
89 14 266.8885803222656
89 15 216.79351806640625
89 16 57.78242874145508
89 17 14.73397445678711
89 18 111.04415893554688
89 19 4.083030700683594
89 20 40.689697265625
89 21 33.09467315673828
89 22 4.186488151550293
89 23 11.87777328491211
89 24 60.29324722290039
89 25 4.47221040725708
89 26 102.09056854248047
89 27 68.37577819824219
89 28 18.548080444335938
89 29 32.826866149902344
89 30 76.20048522949219
89 31 402.3251953125
89 32 361.1092224121094
89 33 87.76499938964844
89 34 64.2408218383789
99 0 24.716232299804688
99 1 28.197708129882812
99 2 13.129234313964844
99 3 109.31173706054688
99 4 2.4329113960266113
99 5 2.3553125858306885
99 6 9.628378868103027
99 7 8.65278434753418
99 8 519.6925048828125
99 9 141.15997314453125
99 10 48.02686309814453
99 11 171.35293579101562
99 12 70.84915161132812
99 13 10.163573265075684
99 14 268.72698974609375
99 15 240.3594512939453
99 16 54.91877365112305
99 17 22.886474609375
99 18 121.0597152709961
99 19 4.434737205505371
99 20 53.32707977294922
99 21 25.527915954589844
99 22 5.079763889312744
99 23 19.092931747436523
99 24 82.56249237060547
99 25 4.074195384979248
99 26 104.36067962646484
99 27 44.29098892211914
99 28 8.3103609085083
99 29 29.69751739501953
99 30 71.83589172363281
99 31 395.3883056640625
99 32 322.8719177246094
99 33 79.34746551513672
99 34 74.7452621459961
109 0 25.389339447021484
109 1 31.175857543945312
109 2 19.985864639282227
109 3 104.0707778930664
109 4 1.9463826417922974
109 5 0.8299548625946045
109 6 5.843130588531494
109 7 26.554615020751953
109 8 499.58880615234375
109 9 142.37684631347656
109 10 37.44473648071289
109 11 175.31080627441406
109 12 100.61145782470703
109 13 13.813847541809082
109 14 265.44085693359375
109 15 212.89736938476562
109 16 63.65187454223633
109 17 14.864070892333984
109 18 135.5518798828125
109 19 5.478109836578369
109 20 40.69072341918945
109 21 29.60560417175293
109 22 5.4119768142700195
109 23 11.197005271911621
109 24 65.47057342529297
109 25 6.364078998565674
109 26 107.74750518798828
109 27 51.22306442260742
109 28 18.142858505249023
109 29 33.38595962524414
109 30 74.38579559326172
109 31 399.1363830566406
109 32 332.98590087890625
109 33 79.9841537475586
109 34 67.20629119873047
119 0 27.206130981445312
119 1 23.996335983276367
119 2 14.766849517822266
119 3 109.40042114257812
119 4 1.9484648704528809
119 5 12.280960083007812
119 6 11.693534851074219
119 7 21.635713577270508
119 8 522.4512939453125
119 9 155.69508361816406
119 10 45.93711853027344
119 11 194.0263671875
119 12 58.64337921142578
119 13 18.333486557006836
119 14 267.4624938964844
119 15 245.552490234375
119 16 47.97452926635742
119 17 9.974081039428711
119 18 90.19783020019531
119 19 5.005083084106445
119 20 41.87262725830078
119 21 26.484182357788086
119 22 3.829867362976074
119 23 8.437783241271973
119 24 60.08097457885742
119 25 9.393890380859375
119 26 102.89492797851562
119 27 47.56891632080078
119 28 7.248809814453125
119 29 31.032276153564453
119 30 85.62149810791016
119 31 368.19573974609375
119 32 332.4299011230469
119 33 84.39250183105469
119 34 69.14805603027344
129 0 27.86395263671875
129 1 24.73426628112793
129 2 23.842758178710938
129 3 121.203125
129 4 3.7356882095336914
129 5 5.527605056762695
129 6 7.225436210632324
129 7 11.721784591674805
129 8 536.5076904296875
129 9 158.8867645263672
129 10 41.3125
129 11 165.21780395507812
129 12 86.07958984375
129 13 19.602275848388672
129 14 270.9082946777344
129 15 235.484375
129 16 50.24276351928711
129 17 11.013700485229492
129 18 117.51142883300781
129 19 3.0019874572753906
129 20 36.041141510009766
129 21 31.900638580322266
129 22 3.0938539505004883
129 23 14.336458206176758
129 24 59.070133209228516
129 25 6.09404182434082
129 26 109.70539855957031
129 27 38.118736267089844
129 28 11.46431827545166
129 29 25.6044979095459
129 30 77.53071594238281
129 31 399.7998352050781
129 32 316.0965881347656
129 33 90.67984771728516
129 34 74.89582824707031
139 0 26.45281982421875
139 1 30.538454055786133
139 2 16.903472900390625
139 3 115.46974182128906
139 4 0.6817994117736816
139 5 1.1503245830535889
139 6 14.849716186523438
139 7 9.207500457763672
139 8 516.3584594726562
139 9 160.7802276611328
139 10 40.09640884399414
139 11 164.91319274902344
139 12 78.5384750366211
139 13 12.527067184448242
139 14 274.5023193359375
139 15 239.314697265625
139 16 49.05480194091797
139 17 13.986223220825195
139 18 87.9758529663086
139 19 4.080363750457764
139 20 43.837928771972656
139 21 22.3361873626709
139 22 2.9093496799468994
139 23 20.117870330810547
139 24 66.81428527832031
139 25 4.770850658416748
139 26 105.23809814453125
139 27 52.80729675292969
139 28 12.86966609954834
139 29 21.357181549072266
139 30 70.03221893310547
139 31 375.9251403808594
139 32 329.3875732421875
139 33 72.22560119628906
139 34 68.44247436523438
149 0 28.936914443969727
149 1 31.834781646728516
149 2 13.696564674377441
149 3 106.5917739868164
149 4 0.7065340280532837
149 5 2.0968117713928223
149 6 5.5829057693481445
149 7 29.991546630859375
149 8 526.1775512695312
149 9 153.32510375976562
149 10 48.36336898803711
149 11 165.15553283691406
149 12 62.973838806152344
149 13 17.95204734802246
149 14 271.69207763671875
149 15 240.68728637695312
149 16 45.0200309753418
149 17 16.847362518310547
149 18 92.66886901855469
149 19 1.7745273113250732
149 20 37.34294509887695
149 21 39.00304412841797
149 22 3.566272497177124
149 23 7.187709331512451
149 24 59.92488479614258
149 25 5.589892387390137
149 26 104.46524047851562
149 27 43.97867202758789
149 28 16.221755981445312
149 29 27.468061447143555
149 30 98.96385192871094
149 31 365.943115234375
149 32 326.02130126953125
149 33 68.30687713623047
149 34 70.73130798339844
159 0 27.426929473876953
159 1 31.1434268951416
159 2 18.60797882080078
159 3 114.52101135253906
159 4 15.051952362060547
159 5 0.9512010216712952
159 6 6.111588478088379
159 7 23.66358184814453
159 8 500.1112060546875
159 9 147.08277893066406
159 10 41.85057830810547
159 11 168.29660034179688
159 12 72.38349914550781
159 13 11.590136528015137
159 14 265.8678894042969
159 15 248.63412475585938
159 16 52.825592041015625
159 17 14.43423843383789
159 18 103.03517150878906
159 19 4.339057445526123
159 20 55.981544494628906
159 21 39.056724548339844
159 22 3.8887064456939697
159 23 7.896964073181152
159 24 57.192989349365234
159 25 4.141290664672852
159 26 114.25521850585938
159 27 44.8402214050293
159 28 20.350461959838867
159 29 36.67716598510742
159 30 72.17570495605469
159 31 367.0736083984375
159 32 342.3835754394531
159 33 78.39917755126953
159 34 71.5894546508789
169 0 27.47142791748047
169 1 32.72482681274414
169 2 12.370674133300781
169 3 108.77332305908203
169 4 1.8353832960128784
169 5 1.3756790161132812
169 6 5.335993766784668
169 7 17.939250946044922
169 8 531.8779907226562
169 9 130.771240234375
169 10 40.78947830200195
169 11 166.93234252929688
169 12 70.69790649414062
169 13 12.410256385803223
169 14 266.6700439453125
169 15 224.30203247070312
169 16 58.645301818847656
169 17 11.210319519042969
169 18 87.87244415283203
169 19 2.482862949371338
169 20 44.94526672363281
169 21 28.26566505432129
169 22 4.592108726501465
169 23 13.155104637145996
169 24 57.17780303955078
169 25 4.430929183959961
169 26 97.99897003173828
169 27 30.49286460876465
169 28 15.6629056930542
169 29 32.448272705078125
169 30 80.29296112060547
169 31 379.7559814453125
169 32 308.4619445800781
169 33 67.01547241210938
169 34 50.44542694091797
179 0 25.384098052978516
179 1 24.425048828125
179 2 9.78630542755127
179 3 104.57655334472656
179 4 3.234757900238037
179 5 1.794189691543579
179 6 5.0936431884765625
179 7 13.848584175109863
179 8 520.4158935546875
179 9 151.1656036376953
179 10 35.66176223754883
179 11 164.61380004882812
179 12 72.87814331054688
179 13 7.3300251960754395
179 14 298.570556640625
179 15 210.0970458984375
179 16 48.82877731323242
179 17 11.10433578491211
179 18 111.8311996459961
179 19 2.7319071292877197
179 20 50.34220504760742
179 21 27.112911224365234
179 22 2.2309107780456543
179 23 8.689088821411133
179 24 67.92486572265625
179 25 7.207120895385742
179 26 102.83195495605469
179 27 49.22222900390625
179 28 15.89375114440918
179 29 27.230506896972656
179 30 83.08732604980469
179 31 368.5455322265625
179 32 319.2718811035156
179 33 72.24898529052734
179 34 81.4012222290039
189 0 29.1503849029541
189 1 38.37345886230469
189 2 14.341239929199219
189 3 104.35993957519531
189 4 8.046205520629883
189 5 2.0753233432769775
189 6 12.3063325881958
189 7 17.412975311279297
189 8 526.5972290039062
189 9 133.5198211669922
189 10 51.18805694580078
189 11 173.3767547607422
189 12 70.01021575927734
189 13 12.047011375427246
189 14 269.2518005371094
189 15 232.51551818847656
189 16 48.3045539855957
189 17 10.187967300415039
189 18 95.0014877319336
189 19 4.40020751953125
189 20 52.851173400878906
189 21 33.102500915527344
189 22 7.87995719909668
189 23 18.853229522705078
189 24 58.998233795166016
189 25 4.07125997543335
189 26 95.93315887451172
189 27 35.301387786865234
189 28 7.7399396896362305
189 29 26.95718002319336
189 30 79.96018981933594
189 31 378.99346923828125
189 32 327.3114318847656
189 33 78.33940887451172
189 34 81.02030181884766
199 0 23.994667053222656
199 1 34.66802978515625
199 2 12.161026954650879
199 3 104.44264221191406
199 4 1.6838654279708862
199 5 4.464118957519531
199 6 9.24326229095459
199 7 8.996070861816406
199 8 517.4134521484375
199 9 133.4921417236328
199 10 46.175819396972656
199 11 177.65928649902344
199 12 79.04623413085938
199 13 18.157011032104492
199 14 261.0968017578125
199 15 244.6578826904297
199 16 44.5987434387207
199 17 10.572725296020508
199 18 92.95285034179688
199 19 5.756210803985596
199 20 43.88402557373047
199 21 24.594823837280273
199 22 4.006863117218018
199 23 14.378800392150879
199 24 55.517120361328125
199 25 2.0547142028808594
199 26 118.24210357666016
199 27 38.119842529296875
199 28 8.271678924560547
199 29 26.911104202270508
199 30 75.60096740722656
199 31 369.9623107910156
199 32 325.5274963378906
199 33 67.70314025878906
199 34 59.42337417602539
209 0 25.418668746948242
209 1 28.32178497314453
209 2 15.160881042480469
209 3 108.11161041259766
209 4 8.912036895751953
209 5 3.1838889122009277
209 6 11.81109619140625
209 7 10.103719711303711
209 8 521.7898559570312
209 9 149.66578674316406
209 10 51.449127197265625
209 11 169.98960876464844
209 12 101.63422393798828
209 13 11.022990226745605
209 14 270.98602294921875
209 15 246.4664764404297
209 16 46.338218688964844
209 17 9.444757461547852
209 18 83.24592590332031
209 19 1.303973913192749
209 20 41.668479919433594
209 21 30.28352928161621
209 22 7.40311861038208
209 23 12.954708099365234
209 24 56.778892517089844
209 25 2.7997050285339355
209 26 103.00786590576172
209 27 39.756980895996094
209 28 13.335298538208008
209 29 38.698978424072266
209 30 77.61691284179688
209 31 352.1946105957031
209 32 305.2422180175781
209 33 70.09463500976562
209 34 66.72706604003906
219 0 25.582529067993164
219 1 30.63772201538086
219 2 12.288750648498535
219 3 109.11738586425781
219 4 2.68740177154541
219 5 0.5426838397979736
219 6 9.362203598022461
219 7 13.514728546142578
219 8 531.7119140625
219 9 157.08299255371094
219 10 38.16903305053711
219 11 167.19305419921875
219 12 53.72505569458008
219 13 10.026636123657227
219 14 273.0664367675781
219 15 244.82550048828125
219 16 35.9658088684082
219 17 10.481751441955566
219 18 82.5433349609375
219 19 3.124748468399048
219 20 36.55903625488281
219 21 37.28687286376953
219 22 8.147292137145996
219 23 13.088699340820312
219 24 64.21418762207031
219 25 6.9272236824035645
219 26 108.76825714111328
219 27 41.54231643676758
219 28 9.81761646270752
219 29 19.941417694091797
219 30 75.68928527832031
219 31 368.6893615722656
219 32 312.8013000488281
219 33 78.51505279541016
219 34 57.66364669799805
229 0 25.611949920654297
229 1 28.02533721923828
229 2 12.339850425720215
229 3 114.14432525634766
229 4 2.962578058242798
229 5 17.285554885864258
229 6 10.296127319335938
229 7 12.867715835571289
229 8 508.2000732421875
229 9 154.02005004882812
229 10 44.498592376708984
229 11 167.31053161621094
229 12 106.29428100585938
229 13 10.352288246154785
229 14 269.8411865234375
229 15 218.80038452148438
229 16 35.250328063964844
229 17 6.625552654266357
229 18 93.84471893310547
229 19 3.406458854675293
229 20 50.57386016845703
229 21 52.016170501708984
229 22 4.327570915222168
229 23 5.997469902038574
229 24 57.997371673583984
229 25 5.788997650146484
229 26 111.50881958007812
229 27 39.00998306274414
229 28 6.200460910797119
229 29 24.118087768554688
229 30 71.65861511230469
229 31 370.9756164550781
229 32 328.5874938964844
229 33 85.05258178710938
229 34 47.11137390136719
239 0 25.288785934448242
239 1 24.85483741760254
239 2 12.34223461151123
239 3 97.04400634765625
239 4 1.6309173107147217
239 5 6.212809085845947
239 6 4.5849080085754395
239 7 15.400381088256836
239 8 508.1354675292969
239 9 160.27224731445312
239 10 38.07034683227539
239 11 164.1088104248047
239 12 77.19307708740234
239 13 14.525582313537598
239 14 272.4720153808594
239 15 220.8472442626953
239 16 42.26533508300781
239 17 11.488945960998535
239 18 87.98514556884766
239 19 1.2566945552825928
239 20 59.61119079589844
239 21 27.064218521118164
239 22 9.034407615661621
239 23 6.491849899291992
239 24 62.896793365478516
239 25 4.402285099029541
239 26 101.70441436767578
239 27 46.54740524291992
239 28 13.304523468017578
239 29 32.46067810058594
239 30 77.30296325683594
239 31 373.1542663574219
239 32 316.7724914550781
239 33 82.45317840576172
239 34 68.4820556640625
249 0 23.08624839782715
249 1 30.111656188964844
249 2 15.48959732055664
249 3 111.85455322265625
249 4 1.4737300872802734
249 5 1.5432325601577759
249 6 5.97589111328125
249 7 12.379426956176758
249 8 544.667724609375
249 9 137.09634399414062
249 10 42.450653076171875
249 11 174.39549255371094
249 12 77.51677703857422
249 13 15.632548332214355
249 14 265.08831787109375
249 15 234.73672485351562
249 16 53.38822937011719
249 17 16.161766052246094
249 18 73.3296127319336
249 19 2.4078269004821777
249 20 39.18092346191406
249 21 28.199796676635742
249 22 8.586594581604004
249 23 7.980109691619873
249 24 64.63381958007812
249 25 5.398871421813965
249 26 96.90980529785156
249 27 44.62602233886719
249 28 7.490124225616455
249 29 20.16054916381836
249 30 74.3887710571289
249 31 357.7257385253906
249 32 323.3843688964844
249 33 86.7694320678711
249 34 51.377838134765625
259 0 30.975921630859375
259 1 26.163681030273438
259 2 16.574420928955078
259 3 108.38285827636719
259 4 3.6444764137268066
259 5 1.6163461208343506
259 6 7.307499408721924
259 7 8.618949890136719
259 8 535.126220703125
259 9 124.38168334960938
259 10 46.38835144042969
259 11 172.05166625976562
259 12 71.37789154052734
259 13 5.095963478088379
259 14 271.39825439453125
259 15 222.28904724121094
259 16 50.57406997680664
259 17 11.541004180908203
259 18 111.73888397216797
259 19 2.4125468730926514
259 20 32.837738037109375
259 21 26.603378295898438
259 22 3.888604164123535
259 23 12.281903266906738
259 24 65.54613494873047
259 25 5.786974906921387
259 26 98.34957122802734
259 27 45.49803161621094
259 28 8.01669692993164
259 29 29.76659393310547
259 30 80.49462890625
259 31 378.74285888671875
259 32 324.6727600097656
259 33 76.02635192871094
259 34 74.46421813964844
269 0 23.26980972290039
269 1 22.28509521484375
269 2 14.111145973205566
269 3 109.30610656738281
269 4 1.3403782844543457
269 5 3.4140429496765137
269 6 5.983574390411377
269 7 22.217506408691406
269 8 538.9127197265625
269 9 124.31216430664062
269 10 41.69767379760742
269 11 170.98355102539062
269 12 75.06378936767578
269 13 4.565932750701904
269 14 278.6789245605469
269 15 223.82492065429688
269 16 43.2614860534668
269 17 11.610255241394043
269 18 86.29692840576172
269 19 3.5936710834503174
269 20 34.06832504272461
269 21 25.475765228271484
269 22 6.064650535583496
269 23 11.685966491699219
269 24 59.45313262939453
269 25 2.772819757461548
269 26 107.97915649414062
269 27 53.63384246826172
269 28 7.100775241851807
269 29 25.738998413085938
269 30 68.14764404296875
269 31 388.4700927734375
269 32 317.17938232421875
269 33 79.9062271118164
269 34 72.62230682373047
279 0 26.14243507385254
279 1 26.200796127319336
279 2 18.4932861328125
279 3 108.372802734375
279 4 1.9149764776229858
279 5 3.0883700847625732
279 6 7.359090328216553
279 7 8.34679889678955
279 8 512.8798828125
279 9 143.60357666015625
279 10 49.584903717041016
279 11 170.53173828125
279 12 84.59410095214844
279 13 18.194894790649414
279 14 262.1661682128906
279 15 223.7904052734375
279 16 50.0130729675293
279 17 14.45608139038086
279 18 95.3606185913086
279 19 4.380129814147949
279 20 34.16307830810547
279 21 22.567649841308594
279 22 7.264256954193115
279 23 9.875744819641113
279 24 59.79401779174805
279 25 8.577327728271484
279 26 98.79557037353516
279 27 38.84528350830078
279 28 13.113417625427246
279 29 33.12759780883789
279 30 68.03562927246094
279 31 383.7149658203125
279 32 315.9683532714844
279 33 85.37322235107422
279 34 71.25352478027344
289 0 26.31476593017578
289 1 32.57497787475586
289 2 12.029587745666504
289 3 106.75408935546875
289 4 2.317244529724121
289 5 5.224274158477783
289 6 6.655766010284424
289 7 25.551050186157227
289 8 525.0962524414062
289 9 154.49081420898438
289 10 38.09969711303711
289 11 164.89248657226562
289 12 68.01145935058594
289 13 9.88552188873291
289 14 273.2333068847656
289 15 219.95030212402344
289 16 50.758914947509766
289 17 14.2362642288208
289 18 121.34829711914062
289 19 3.0107648372650146
289 20 37.297607421875
289 21 31.817535400390625
289 22 3.5060007572174072
289 23 11.217814445495605
289 24 60.677947998046875
289 25 2.471165180206299
289 26 97.9996109008789
289 27 33.17388153076172
289 28 8.455440521240234
289 29 21.501277923583984
289 30 76.7645492553711
289 31 372.941162109375
289 32 341.519775390625
289 33 75.8232192993164
289 34 84.2977523803711
299 0 22.959228515625
299 1 17.8609619140625
299 2 12.258686065673828
299 3 98.66189575195312
299 4 0.8375883102416992
299 5 5.997195720672607
299 6 5.555804252624512
299 7 15.165191650390625
299 8 531.048095703125
299 9 114.40956115722656
299 10 45.57706069946289
299 11 172.3159942626953
299 12 104.34508514404297
299 13 18.305063247680664
299 14 266.3426818847656
299 15 220.04989624023438
299 16 44.14278793334961
299 17 6.413681983947754
299 18 97.1313247680664
299 19 1.8698240518569946
299 20 31.487112045288086
299 21 25.095123291015625
299 22 5.558620929718018
299 23 6.8435211181640625
299 24 51.91706848144531
299 25 12.765076637268066
299 26 103.0982437133789
299 27 34.72003173828125
299 28 12.512290000915527
299 29 21.55992317199707
299 30 71.89788055419922
299 31 372.0395812988281
299 32 322.86981201171875
299 33 78.681640625
299 34 69.36188507080078
309 0 25.803218841552734
309 1 31.750457763671875
309 2 17.107067108154297
309 3 102.22276306152344
309 4 7.335095405578613
309 5 5.588560581207275
309 6 7.074367523193359
309 7 9.296941757202148
309 8 507.11151123046875
309 9 128.00177001953125
309 10 46.268798828125
309 11 170.3433837890625
309 12 76.02946472167969
309 13 14.504467010498047
309 14 264.9328308105469
309 15 234.48727416992188
309 16 49.725772857666016
309 17 7.338218688964844
309 18 95.3126449584961
309 19 7.144216537475586
309 20 43.917381286621094
309 21 22.50838851928711
309 22 8.896112442016602
309 23 28.466957092285156
309 24 52.69094467163086
309 25 8.289831161499023
309 26 96.64265441894531
309 27 26.31583595275879
309 28 5.180276870727539
309 29 19.03582191467285
309 30 66.23462677001953
309 31 364.7353515625
309 32 318.1259460449219
309 33 63.84927749633789
309 34 71.34488677978516
319 0 23.62069320678711
319 1 26.31557273864746
319 2 16.175832748413086
319 3 104.5289306640625
319 4 1.6962025165557861
319 5 3.525449275970459
319 6 5.77131986618042
319 7 8.977348327636719
319 8 527.6309814453125
319 9 134.4742431640625
319 10 48.99715042114258
319 11 166.35784912109375
319 12 67.21493530273438
319 13 13.141349792480469
319 14 268.5609130859375
319 15 224.5974578857422
319 16 49.719757080078125
319 17 9.131782531738281
319 18 105.34796142578125
319 19 3.529984951019287
319 20 41.585079193115234
319 21 27.04071807861328
319 22 3.1566696166992188
319 23 7.745340824127197
319 24 55.32034683227539
319 25 4.342447757720947
319 26 98.51005554199219
319 27 40.13549041748047
319 28 16.22479248046875
319 29 28.44928550720215
319 30 72.77265930175781
319 31 377.80206298828125
319 32 314.71746826171875
319 33 75.32382202148438
319 34 56.453330993652344
329 0 23.703582763671875
329 1 32.04964065551758
329 2 13.242785453796387
329 3 114.61033630371094
329 4 1.6657357215881348
329 5 9.81989574432373
329 6 9.659884452819824
329 7 23.602474212646484
329 8 519.85400390625
329 9 135.3539581298828
329 10 40.4994010925293
329 11 168.98851013183594
329 12 85.35774230957031
329 13 11.769380569458008
329 14 281.5693359375
329 15 257.6403503417969
329 16 45.27958297729492
329 17 11.318873405456543
329 18 74.13287353515625
329 19 1.7864965200424194
329 20 43.07863998413086
329 21 27.245849609375
329 22 5.226611614227295
329 23 17.09895896911621
329 24 73.504150390625
329 25 5.061357498168945
329 26 104.35472869873047
329 27 40.449371337890625
329 28 7.131984233856201
329 29 25.944107055664062
329 30 79.8796157836914
329 31 366.2850036621094
329 32 309.9792785644531
329 33 74.61064910888672
329 34 58.17483901977539
339 0 28.08521270751953
339 1 21.90708351135254
339 2 12.058996200561523
339 3 139.609619140625
339 4 1.8560301065444946
339 5 0.48651421070098877
339 6 4.503995895385742
339 7 9.241128921508789
339 8 519.4232788085938
339 9 127.54714965820312
339 10 50.652099609375
339 11 178.3364715576172
339 12 85.10633087158203
339 13 15.545084953308105
339 14 264.7148132324219
339 15 229.2079315185547
339 16 45.58432388305664
339 17 18.00568199157715
339 18 69.98974609375
339 19 2.006074905395508
339 20 36.25970458984375
339 21 42.93092727661133
339 22 2.8010358810424805
339 23 15.721893310546875
339 24 61.79937744140625
339 25 6.925382614135742
339 26 101.32041931152344
339 27 51.85901641845703
339 28 12.545808792114258
339 29 26.54557991027832
339 30 75.33513641357422
339 31 355.5999755859375
339 32 324.7572937011719
339 33 66.3648910522461
339 34 54.38298416137695
349 0 24.997854232788086
349 1 23.863628387451172
349 2 10.560107231140137
349 3 105.20672607421875
349 4 4.940626621246338
349 5 0.9215558171272278
349 6 5.896152019500732
349 7 13.86669635772705
349 8 531.4654541015625
349 9 126.72821807861328
349 10 41.88847351074219
349 11 166.30606079101562
349 12 58.426944732666016
349 13 8.260275840759277
349 14 261.7381591796875
349 15 204.15380859375
349 16 51.99626541137695
349 17 7.546901226043701
349 18 84.03846740722656
349 19 4.026679515838623
349 20 37.394630432128906
349 21 31.65582275390625
349 22 2.50052547454834
349 23 13.32264518737793
349 24 55.38437271118164
349 25 4.035377025604248
349 26 97.3738784790039
349 27 46.60625457763672
349 28 6.424208641052246
349 29 13.07072639465332
349 30 86.92755889892578
349 31 367.1139831542969
349 32 323.921875
349 33 74.53021240234375
349 34 57.36369705200195
359 0 28.856245040893555
359 1 22.87759780883789
359 2 14.01213550567627
359 3 110.59734344482422
359 4 0.6616286039352417
359 5 5.0833024978637695
359 6 5.667789459228516
359 7 16.779499053955078
359 8 537.4417114257812
359 9 126.09114837646484
359 10 35.42675018310547
359 11 165.955322265625
359 12 76.61859893798828
359 13 8.03355884552002
359 14 265.6891174316406
359 15 230.63153076171875
359 16 47.481143951416016
359 17 6.746630668640137
359 18 123.48886108398438
359 19 2.5931358337402344
359 20 48.63816833496094
359 21 29.562942504882812
359 22 5.350409030914307
359 23 17.412742614746094
359 24 51.054534912109375
359 25 3.309994697570801
359 26 97.27462768554688
359 27 45.907352447509766
359 28 12.081884384155273
359 29 24.562496185302734
359 30 66.3799819946289
359 31 351.6436462402344
359 32 316.187255859375
359 33 63.45167922973633
359 34 61.94048309326172
369 0 21.8728084564209
369 1 30.791912078857422
369 2 10.89926528930664
369 3 106.26943969726562
369 4 1.9367669820785522
369 5 4.068997859954834
369 6 11.020722389221191
369 7 24.35121726989746
369 8 528.447021484375
369 9 131.7709503173828
369 10 44.13761901855469
369 11 171.58514404296875
369 12 70.76448822021484
369 13 8.919319152832031
369 14 261.90606689453125
369 15 229.05615234375
369 16 40.97201919555664
369 17 11.533918380737305
369 18 92.37974548339844
369 19 2.511759042739868
369 20 47.57534408569336
369 21 26.174577713012695
369 22 6.3015851974487305
369 23 15.476853370666504
369 24 63.251102447509766
369 25 3.4240570068359375
369 26 104.21681213378906
369 27 42.258419036865234
369 28 7.345877647399902
369 29 19.358545303344727
369 30 79.65362548828125
369 31 354.545166015625
369 32 324.68218994140625
369 33 70.37875366210938
369 34 60.2228889465332
379 0 26.1016845703125
379 1 26.052135467529297
379 2 17.145000457763672
379 3 109.85991668701172
379 4 5.673493385314941
379 5 1.8165236711502075
379 6 4.54666805267334
379 7 10.729809761047363
379 8 523.5479736328125
379 9 122.1907730102539
379 10 47.89192581176758
379 11 168.36062622070312
379 12 77.80598449707031
379 13 10.577914237976074
379 14 268.07098388671875
379 15 211.28359985351562
379 16 43.04392623901367
379 17 4.242985248565674
379 18 110.34282684326172
379 19 3.230407953262329
379 20 43.05500030517578
379 21 25.36000633239746
379 22 2.8693838119506836
379 23 16.50322723388672
379 24 61.38232421875
379 25 2.8852930068969727
379 26 96.01258087158203
379 27 25.765605926513672
379 28 5.754234790802002
379 29 23.88564109802246
379 30 75.08935546875
379 31 364.7918395996094
379 32 311.9400329589844
379 33 79.27400970458984
379 34 64.03730010986328
389 0 24.501693725585938
389 1 20.55759048461914
389 2 15.952108383178711
389 3 108.01475524902344
389 4 1.634071707725525
389 5 1.0962626934051514
389 6 4.310141563415527
389 7 21.488670349121094
389 8 528.1315307617188
389 9 122.73300170898438
389 10 43.39854049682617
389 11 163.55455017089844
389 12 68.7281494140625
389 13 14.59566879272461
389 14 261.2504577636719
389 15 229.39353942871094
389 16 46.31415939331055
389 17 13.301136016845703
389 18 88.25285339355469
389 19 1.9305111169815063
389 20 38.82107162475586
389 21 26.86806297302246
389 22 3.8743174076080322
389 23 8.091496467590332
389 24 55.685302734375
389 25 6.062532424926758
389 26 107.87427520751953
389 27 39.4300651550293
389 28 4.249056816101074
389 29 18.6446533203125
389 30 78.57191467285156
389 31 373.8315734863281
389 32 300.2767028808594
389 33 74.75516510009766
389 34 82.54893493652344
399 0 24.69999885559082
399 1 29.095876693725586
399 2 18.069063186645508
399 3 114.82347869873047
399 4 2.9331443309783936
399 5 21.144853591918945
399 6 3.7236342430114746
399 7 15.552449226379395
399 8 517.0309448242188
399 9 119.5748519897461
399 10 41.8355598449707
399 11 172.7357177734375
399 12 79.75481414794922
399 13 9.918331146240234
399 14 278.8477478027344
399 15 205.51251220703125
399 16 52.209938049316406
399 17 9.803619384765625
399 18 91.47135925292969
399 19 1.326067566871643
399 20 36.37220001220703
399 21 26.579172134399414
399 22 1.9604181051254272
399 23 8.342474937438965
399 24 55.167816162109375
399 25 2.8105430603027344
399 26 105.83982849121094
399 27 32.02890396118164
399 28 10.393636703491211
399 29 18.3677978515625
399 30 72.54105377197266
399 31 361.271240234375
399 32 337.16998291015625
399 33 79.72806549072266
399 34 53.168060302734375
409 0 23.7191104888916
409 1 21.658626556396484
409 2 11.956710815429688
409 3 116.658935546875
409 4 1.527345061302185
409 5 1.8543634414672852
409 6 5.83631706237793
409 7 14.08199405670166
409 8 521.3829345703125
409 9 144.81398010253906
409 10 37.226112365722656
409 11 163.9674072265625
409 12 69.65888214111328
409 13 9.944612503051758
409 14 265.0672302246094
409 15 244.905517578125
409 16 50.15520477294922
409 17 5.6793365478515625
409 18 87.4000015258789
409 19 7.030365943908691
409 20 36.34027099609375
409 21 22.643714904785156
409 22 2.150838851928711
409 23 20.923015594482422
409 24 53.19757843017578
409 25 9.419230461120605
409 26 115.30426025390625
409 27 47.84037780761719
409 28 10.213541030883789
409 29 22.131629943847656
409 30 68.69837188720703
409 31 383.42315673828125
409 32 323.3290710449219
409 33 77.09275817871094
409 34 69.21737670898438
419 0 26.678302764892578
419 1 26.512474060058594
419 2 18.784395217895508
419 3 110.91075134277344
419 4 1.8428056240081787
419 5 1.2628358602523804
419 6 8.006149291992188
419 7 16.433088302612305
419 8 523.8298950195312
419 9 124.90516662597656
419 10 35.73363494873047
419 11 168.98936462402344
419 12 75.16287994384766
419 13 8.273130416870117
419 14 263.60968017578125
419 15 221.43006896972656
419 16 35.97755432128906
419 17 8.99434757232666
419 18 73.53986358642578
419 19 2.2646608352661133
419 20 39.01354217529297
419 21 31.276153564453125
419 22 2.844602584838867
419 23 7.468939304351807
419 24 65.69544982910156
419 25 5.1465373039245605
419 26 96.3789291381836
419 27 39.444034576416016
419 28 11.798145294189453
419 29 18.641738891601562
419 30 70.67153930664062
419 31 379.7362060546875
419 32 341.84967041015625
419 33 74.46778106689453
419 34 56.28684616088867
429 0 24.998111724853516
429 1 23.52547264099121
429 2 13.164783477783203
429 3 110.24769592285156
429 4 4.746272563934326
429 5 6.722479343414307
429 6 5.52140998840332
429 7 16.74020767211914
429 8 518.6284790039062
429 9 124.12531280517578
429 10 38.06654357910156
429 11 171.63949584960938
429 12 93.90467071533203
429 13 9.040287017822266
429 14 269.01495361328125
429 15 217.83741760253906
429 16 50.43851089477539
429 17 11.53139877319336
429 18 87.74777221679688
429 19 4.886870861053467
429 20 37.15538787841797
429 21 25.362701416015625
429 22 1.6861976385116577
429 23 7.996885299682617
429 24 67.42163848876953
429 25 8.530495643615723
429 26 94.7572250366211
429 27 40.93104934692383
429 28 4.039375305175781
429 29 17.238283157348633
429 30 65.61940002441406
429 31 370.8301086425781
429 32 306.95526123046875
429 33 72.33212280273438
429 34 61.17202377319336
439 0 22.818878173828125
439 1 26.408504486083984
439 2 10.606512069702148
439 3 112.27851867675781
439 4 3.6119916439056396
439 5 4.7771759033203125
439 6 6.576941013336182
439 7 21.03132438659668
439 8 527.4163818359375
439 9 137.26844787597656
439 10 32.27347946166992
439 11 168.87733459472656
439 12 78.29376983642578
439 13 12.914214134216309
439 14 264.5552673339844
439 15 208.25990295410156
439 16 49.60174560546875
439 17 8.004940032958984
439 18 80.67050170898438
439 19 2.0426502227783203
439 20 37.481658935546875
439 21 25.69641876220703
439 22 2.935558557510376
439 23 10.990296363830566
439 24 59.70690155029297
439 25 2.923391342163086
439 26 94.41204071044922
439 27 37.417449951171875
439 28 7.32231330871582
439 29 26.1805362701416
439 30 71.00314331054688
439 31 368.05731201171875
439 32 316.9656982421875
439 33 67.25872802734375
439 34 69.16121673583984
449 0 21.958938598632812
449 1 29.39838409423828
449 2 14.417119026184082
449 3 112.97114562988281
449 4 1.9621267318725586
449 5 2.707821846008301
449 6 7.364089488983154
449 7 6.680549144744873
449 8 521.1363525390625
449 9 140.05487060546875
449 10 36.476375579833984
449 11 168.45541381835938
449 12 61.389381408691406
449 13 5.469277858734131
449 14 270.296875
449 15 225.40927124023438
449 16 59.33662796020508
449 17 9.058060646057129
449 18 81.72872161865234
449 19 0.874825656414032
449 20 41.75759506225586
449 21 23.871259689331055
449 22 1.977711796760559
449 23 8.863733291625977
449 24 59.819618225097656
449 25 5.165557861328125
449 26 95.02906036376953
449 27 33.36579513549805
449 28 4.4156012535095215
449 29 21.825984954833984
449 30 83.95471954345703
449 31 358.43853759765625
449 32 304.7671813964844
449 33 64.14482116699219
449 34 54.23141860961914
459 0 22.868751525878906
459 1 29.60211753845215
459 2 12.893135070800781
459 3 99.29084014892578
459 4 4.827082633972168
459 5 47.375362396240234
459 6 7.42017126083374
459 7 7.911339282989502
459 8 526.52197265625
459 9 117.7777099609375
459 10 48.66563034057617
459 11 174.9234161376953
459 12 62.52444839477539
459 13 11.585132598876953
459 14 259.2060852050781
459 15 214.68203735351562
459 16 49.85044479370117
459 17 7.88151216506958
459 18 78.7811508178711
459 19 2.0126609802246094
459 20 44.21965026855469
459 21 22.475322723388672
459 22 1.9402906894683838
459 23 4.458803176879883
459 24 62.6142463684082
459 25 4.103987693786621
459 26 100.59484100341797
459 27 32.6483268737793
459 28 9.802624702453613
459 29 19.65296745300293
459 30 84.945068359375
459 31 363.2356262207031
459 32 305.0992431640625
459 33 73.18534088134766
459 34 60.814388275146484
469 0 23.50855255126953
469 1 20.938756942749023
469 2 16.96086311340332
469 3 118.37771606445312
469 4 3.8901212215423584
469 5 1.8795921802520752
469 6 7.123107433319092
469 7 9.007551193237305
469 8 521.1996459960938
469 9 139.34225463867188
469 10 46.03409957885742
469 11 167.2737274169922
469 12 93.1513442993164
469 13 13.352020263671875
469 14 261.4149475097656
469 15 233.8354034423828
469 16 47.49990463256836
469 17 10.395761489868164
469 18 85.72808074951172
469 19 4.029201507568359
469 20 33.53363800048828
469 21 24.744056701660156
469 22 6.81418514251709
469 23 5.571614742279053
469 24 60.97652053833008
469 25 6.198225021362305
469 26 95.47620391845703
469 27 19.115890502929688
469 28 5.113605499267578
469 29 33.48090744018555
469 30 74.89014434814453
469 31 373.9833068847656
469 32 315.9548034667969
469 33 66.12687683105469
469 34 56.39887237548828
479 0 26.892513275146484
479 1 22.472946166992188
479 2 16.474992752075195
479 3 108.73667907714844
479 4 16.7742977142334
479 5 2.464653968811035
479 6 4.625495910644531
479 7 9.375738143920898
479 8 518.5645141601562
479 9 118.0152359008789
479 10 31.732906341552734
479 11 165.16876220703125
479 12 68.34345245361328
479 13 12.153145790100098
479 14 261.3878479003906
479 15 237.66403198242188
479 16 50.816226959228516
479 17 6.764312267303467
479 18 71.59712219238281
479 19 1.1080732345581055
479 20 37.57959747314453
479 21 24.754465103149414
479 22 2.1928749084472656
479 23 7.54365348815918
479 24 53.27931213378906
479 25 2.5277717113494873
479 26 100.36904907226562
479 27 30.76168441772461
479 28 16.027095794677734
479 29 21.270315170288086
479 30 78.6529541015625
479 31 357.39849853515625
479 32 309.01275634765625
479 33 77.22502899169922
479 34 56.2943000793457
489 0 24.083044052124023
489 1 26.023414611816406
489 2 9.121984481811523
489 3 104.94178771972656
489 4 3.7456440925598145
489 5 0.8106791377067566
489 6 4.716621398925781
489 7 18.151309967041016
489 8 525.0377807617188
489 9 143.89346313476562
489 10 46.258358001708984
489 11 167.21163940429688
489 12 66.769287109375
489 13 10.68520450592041
489 14 263.36334228515625
489 15 201.12384033203125
489 16 44.97031021118164
489 17 17.56263542175293
489 18 86.66603088378906
489 19 5.713631629943848
489 20 43.298458099365234
489 21 26.964279174804688
489 22 3.73976731300354
489 23 8.252307891845703
489 24 47.94693374633789
489 25 5.608386516571045
489 26 104.55486297607422
489 27 37.94833755493164
489 28 4.454753875732422
489 29 19.78354263305664
489 30 69.57877349853516
489 31 381.3090515136719
489 32 312.2442321777344
489 33 71.12320709228516
489 34 62.4698371887207
499 0 29.978012084960938
499 1 28.621591567993164
499 2 11.30129623413086
499 3 106.043701171875
499 4 2.5962870121002197
499 5 3.640657663345337
499 6 9.974532127380371
499 7 12.658108711242676
499 8 533.5601806640625
499 9 124.17049407958984
499 10 40.11538314819336
499 11 169.9440460205078
499 12 74.31195068359375
499 13 6.720223426818848
499 14 265.223388671875
499 15 244.01365661621094
499 16 48.855445861816406
499 17 10.528239250183105
499 18 117.34527587890625
499 19 4.316728591918945
499 20 40.75271224975586
499 21 31.515005111694336
499 22 1.9587064981460571
499 23 12.449310302734375
499 24 53.77145004272461
499 25 5.165682792663574
499 26 106.05583953857422
499 27 37.69740295410156
499 28 3.824223518371582
499 29 19.41843605041504
499 30 72.14771270751953
499 31 363.5009460449219
499 32 299.5147705078125
499 33 68.4956283569336
499 34 86.47146606445312
training consumed 678.1575138568878

validating
at batch 0
at frame 13 ped 0 is off by 0.4837176501750946
at frame 13 ped 1 is off by 0.5868761539459229
at frame 13 ped 2 is off by 0.502151608467102

at frame 14 ped 0 is off by 0.19281014800071716
at frame 14 ped 1 is off by 0.15218432247638702
at frame 14 ped 2 is off by 0.25208112597465515

at frame 15 ped 0 is off by 0.40949729084968567
at frame 15 ped 1 is off by 0.2630116641521454
at frame 15 ped 2 is off by 0.356542706489563

at frame 16 ped 0 is off by 0.37496626377105713
at frame 16 ped 1 is off by 0.15362761914730072
at frame 16 ped 2 is off by 0.27176162600517273

at frame 17 ped 0 is off by 0.26166677474975586
at frame 17 ped 1 is off by 0.40407878160476685
at frame 17 ped 2 is off by 0.18824994564056396

at frame 18 ped 0 is off by 0.6668010354042053
at frame 18 ped 1 is off by 0.8109584450721741
at frame 18 ped 2 is off by 0.5413951277732849

at frame 19 ped 0 is off by 0.9461399912834167
at frame 19 ped 1 is off by 1.04060697555542
at frame 19 ped 2 is off by 1.306035041809082

================================================================
at batch 1
at frame 13 ped 3 is off by 0.7615648508071899
at frame 13 ped 4 is off by 0.5222281813621521
at frame 13 ped 5 is off by 0.2714709937572479

at frame 14 ped 3 is off by 0.80097496509552
at frame 14 ped 4 is off by 0.5464496612548828
at frame 14 ped 5 is off by 0.1460873931646347

at frame 15 ped 3 is off by 2.9140779972076416
at frame 15 ped 4 is off by 2.7888197898864746
at frame 15 ped 5 is off by 0.3651520609855652

at frame 16 ped 5 is off by 0.5542855858802795

at frame 17 ped 5 is off by 0.21519659459590912

at frame 18 ped 5 is off by 0.3975364863872528

at frame 19 ped 5 is off by 0.25891295075416565

================================================================
at batch 2
at frame 13 ped 6 is off by 0.9764780402183533

at frame 14 ped 6 is off by 1.4908455610275269

at frame 15 ped 6 is off by 0.8338929414749146

at frame 16 ped 6 is off by 0.733269989490509
at frame 16 ped 11 is off by 0.09007063508033752
at frame 16 ped 12 is off by 0.6204650402069092

at frame 17 ped 6 is off by 0.7710450887680054
at frame 17 ped 11 is off by 0.034864917397499084
at frame 17 ped 12 is off by 0.15322402119636536

at frame 18 ped 6 is off by 0.7103307247161865
at frame 18 ped 11 is off by 0.3217683434486389
at frame 18 ped 12 is off by 0.1696247160434723

at frame 19 ped 6 is off by 0.7795476913452148
at frame 19 ped 11 is off by 0.10801474004983902
at frame 19 ped 12 is off by 0.34368032217025757

================================================================
at batch 3
at frame 13 ped 7 is off by 1.2251752614974976

at frame 14 ped 7 is off by 0.25035256147384644

at frame 15 ped 7 is off by 0.6093121767044067

at frame 16 ped 7 is off by 7.008828639984131

at frame 17 ped 8 is off by 2.2065491676330566

at frame 18 ped 8 is off by 0.9442072510719299

at frame 19 ped 8 is off by 0.6043691635131836

================================================================
at batch 4
at frame 13 ped 9 is off by 0.3344744145870209

at frame 14 ped 9 is off by 0.25029298663139343

at frame 15 ped 9 is off by 0.40721482038497925

at frame 16 ped 9 is off by 0.44981178641319275

at frame 17 ped 9 is off by 0.2960071563720703

at frame 18 ped 9 is off by 0.38749057054519653

at frame 19 ped 9 is off by 0.3399864137172699

================================================================
at batch 5
at frame 13 ped 10 is off by 1.2452934980392456

at frame 14 ped 10 is off by 0.31718024611473083

at frame 15 ped 10 is off by 0.21030643582344055

at frame 16 ped 10 is off by 0.4173911511898041

at frame 17 ped 10 is off by 0.5479263663291931

at frame 18 ped 10 is off by 0.35846877098083496

at frame 19 ped 10 is off by 0.45239776372909546

================================================================
at batch 6
at frame 13 ped 13 is off by 0.5007930397987366
at frame 13 ped 14 is off by 0.572935938835144

at frame 14 ped 13 is off by 0.22492890059947968
at frame 14 ped 14 is off by 0.5106436014175415

at frame 15 ped 13 is off by 0.661612331867218
at frame 15 ped 14 is off by 0.35211026668548584

at frame 16 ped 13 is off by 0.828382134437561
at frame 16 ped 14 is off by 0.27407845854759216

at frame 17 ped 13 is off by 0.28261512517929077
at frame 17 ped 14 is off by 0.3641926944255829

at frame 18 ped 13 is off by 0.4537033140659332
at frame 18 ped 14 is off by 0.47830426692962646

at frame 19 ped 13 is off by 0.6894171237945557
at frame 19 ped 14 is off by 0.19946549832820892

================================================================
at batch 7
at frame 13 ped 15 is off by 1.227655053138733

at frame 14 ped 15 is off by 0.4538847506046295

at frame 15 ped 15 is off by 0.8645062446594238

at frame 16 ped 15 is off by 1.4427813291549683

at frame 17 ped 15 is off by 2.9229230880737305

at frame 18 ped 15 is off by 2.2456634044647217

at frame 19 ped 15 is off by 1.535258412361145

================================================================
at batch 8
at frame 13 ped 16 is off by 0.5576633810997009
at frame 13 ped 17 is off by 0.7128347754478455
at frame 13 ped 18 is off by 1.6443400382995605
at frame 13 ped 19 is off by 1.097957968711853

at frame 14 ped 16 is off by 1.1652846336364746
at frame 14 ped 17 is off by 0.5412362813949585
at frame 14 ped 18 is off by 1.947389841079712
at frame 14 ped 19 is off by 1.3772038221359253

at frame 15 ped 16 is off by 0.9807438254356384
at frame 15 ped 17 is off by 2.039013624191284
at frame 15 ped 18 is off by 1.631811499595642
at frame 15 ped 19 is off by 1.746224045753479

at frame 16 ped 16 is off by 4.668976306915283
at frame 16 ped 17 is off by 3.824328660964966
at frame 16 ped 18 is off by 7.169774055480957
at frame 16 ped 19 is off by 7.989770889282227

at frame 17 ped 20 is off by 1.1743927001953125
at frame 17 ped 22 is off by 1.5002539157867432
at frame 17 ped 24 is off by 1.8063337802886963
at frame 17 ped 26 is off by 0.2558496296405792

at frame 18 ped 20 is off by 1.0458790063858032
at frame 18 ped 22 is off by 0.9116688370704651
at frame 18 ped 24 is off by 1.4453659057617188
at frame 18 ped 26 is off by 0.43589186668395996

at frame 19 ped 20 is off by 0.7878974080085754
at frame 19 ped 22 is off by 0.4403080940246582
at frame 19 ped 24 is off by 1.156266689300537
at frame 19 ped 26 is off by 0.375529944896698

================================================================
at batch 9
at frame 13 ped 21 is off by 0.9553793668746948
at frame 13 ped 23 is off by 0.5202071070671082
at frame 13 ped 25 is off by 1.3211008310317993
at frame 13 ped 27 is off by 0.3804496228694916
at frame 13 ped 28 is off by 0.12537136673927307

at frame 14 ped 21 is off by 1.3386684656143188
at frame 14 ped 23 is off by 0.9060264229774475
at frame 14 ped 25 is off by 0.44191887974739075
at frame 14 ped 27 is off by 0.6927780508995056
at frame 14 ped 28 is off by 0.49956077337265015

at frame 15 ped 21 is off by 1.8184922933578491
at frame 15 ped 23 is off by 1.5823311805725098
at frame 15 ped 25 is off by 0.6337075233459473
at frame 15 ped 27 is off by 0.6612173318862915
at frame 15 ped 28 is off by 0.8879759907722473

at frame 16 ped 21 is off by 1.380996584892273
at frame 16 ped 23 is off by 1.6840143203735352
at frame 16 ped 25 is off by 0.2791646122932434
at frame 16 ped 27 is off by 0.7482109069824219
at frame 16 ped 28 is off by 1.1751117706298828

at frame 17 ped 21 is off by 0.678583562374115
at frame 17 ped 23 is off by 1.5536837577819824
at frame 17 ped 25 is off by 1.0119155645370483
at frame 17 ped 27 is off by 0.6701055765151978
at frame 17 ped 28 is off by 1.8098195791244507

at frame 18 ped 21 is off by 0.09696312248706818
at frame 18 ped 23 is off by 2.007530689239502
at frame 18 ped 25 is off by 0.3866925537586212
at frame 18 ped 27 is off by 0.9384822845458984
at frame 18 ped 28 is off by 1.003791093826294

at frame 19 ped 21 is off by 0.20034246146678925
at frame 19 ped 23 is off by 1.9093384742736816
at frame 19 ped 25 is off by 0.6640729904174805
at frame 19 ped 27 is off by 1.213706374168396
at frame 19 ped 28 is off by 0.9559845328330994
at frame 19 ped 29 is off by 0.9572293162345886

================================================================
at batch 10
at frame 13 ped 29 is off by 1.8837299346923828

at frame 14 ped 29 is off by 2.0890860557556152

at frame 15 ped 30 is off by 0.8257084488868713
at frame 15 ped 31 is off by 1.62797212600708

at frame 16 ped 30 is off by 0.08365479111671448
at frame 16 ped 31 is off by 0.2217887043952942

at frame 17 ped 30 is off by 0.5273749828338623
at frame 17 ped 31 is off by 0.21523429453372955

at frame 18 ped 30 is off by 0.47260165214538574
at frame 18 ped 31 is off by 0.2375321090221405

at frame 19 ped 30 is off by 0.00886381883174181
at frame 19 ped 31 is off by 0.27284252643585205

================================================================
at batch 11
at frame 13 ped 32 is off by 1.8651524782180786

at frame 14 ped 32 is off by 0.675413191318512

at frame 15 ped 32 is off by 0.7017793655395508

at frame 16 ped 32 is off by 0.2988038659095764
at frame 16 ped 33 is off by 0.48427262902259827
at frame 16 ped 35 is off by 0.1728161722421646

at frame 17 ped 32 is off by 0.32588422298431396
at frame 17 ped 33 is off by 0.4242376685142517
at frame 17 ped 35 is off by 0.23020364344120026

at frame 18 ped 32 is off by 0.15995906293392181
at frame 18 ped 33 is off by 0.19957335293293
at frame 18 ped 35 is off by 0.3754150867462158

at frame 19 ped 32 is off by 0.6431094408035278
at frame 19 ped 33 is off by 0.07719982415437698
at frame 19 ped 35 is off by 0.6530904769897461

================================================================
at batch 12
at frame 13 ped 34 is off by 0.7652274966239929
at frame 13 ped 36 is off by 0.9235132336616516
at frame 13 ped 37 is off by 0.7730405330657959
at frame 13 ped 38 is off by 0.6768726706504822
at frame 13 ped 39 is off by 1.24539315700531
at frame 13 ped 40 is off by 0.4907510280609131
at frame 13 ped 41 is off by 0.3269568383693695

at frame 14 ped 34 is off by 1.0785889625549316
at frame 14 ped 36 is off by 1.81623113155365
at frame 14 ped 37 is off by 0.6538825035095215
at frame 14 ped 38 is off by 0.9094004034996033
at frame 14 ped 39 is off by 0.3004952669143677
at frame 14 ped 40 is off by 0.4507368505001068
at frame 14 ped 41 is off by 0.26440975069999695

at frame 15 ped 34 is off by 1.1760177612304688
at frame 15 ped 36 is off by 1.5482834577560425
at frame 15 ped 37 is off by 1.1729000806808472
at frame 15 ped 38 is off by 0.6548008918762207
at frame 15 ped 39 is off by 0.7259121537208557
at frame 15 ped 40 is off by 0.7954800724983215
at frame 15 ped 41 is off by 1.041699767112732

at frame 16 ped 34 is off by 1.1658837795257568
at frame 16 ped 36 is off by 1.6530083417892456
at frame 16 ped 37 is off by 1.2593410015106201
at frame 16 ped 38 is off by 0.6625787019729614
at frame 16 ped 39 is off by 6.2089409828186035
at frame 16 ped 40 is off by 0.1604553461074829
at frame 16 ped 41 is off by 1.0790107250213623

at frame 17 ped 34 is off by 0.9314974546432495
at frame 17 ped 36 is off by 1.2272964715957642
at frame 17 ped 40 is off by 0.39375177025794983
at frame 17 ped 41 is off by 0.4624745547771454

at frame 18 ped 34 is off by 1.8745980262756348
at frame 18 ped 36 is off by 0.6951498985290527
at frame 18 ped 40 is off by 0.5764433145523071
at frame 18 ped 41 is off by 0.7069935202598572

at frame 19 ped 34 is off by 1.6803261041641235
at frame 19 ped 36 is off by 0.10762356221675873
at frame 19 ped 40 is off by 0.4959012269973755
at frame 19 ped 41 is off by 0.11774665117263794

================================================================
at batch 13
at frame 13 ped 42 is off by 0.9022992849349976
at frame 13 ped 43 is off by 0.7269690632820129

at frame 14 ped 42 is off by 0.867730438709259
at frame 14 ped 43 is off by 0.7073878049850464

at frame 15 ped 42 is off by 0.8357071876525879
at frame 15 ped 43 is off by 0.6071866154670715

at frame 16 ped 42 is off by 0.9726830124855042
at frame 16 ped 43 is off by 0.6103465557098389

at frame 17 ped 42 is off by 0.8366127014160156
at frame 17 ped 43 is off by 0.7911092638969421

at frame 18 ped 42 is off by 0.829704761505127
at frame 18 ped 43 is off by 0.9065368175506592

at frame 19 ped 42 is off by 0.437250554561615
at frame 19 ped 43 is off by 0.3555007576942444

================================================================
at batch 14
at frame 13 ped 44 is off by 0.5072972774505615
at frame 13 ped 45 is off by 0.7057815790176392

at frame 14 ped 44 is off by 0.8632346987724304
at frame 14 ped 45 is off by 0.3793370723724365

at frame 15 ped 44 is off by 1.896134614944458
at frame 15 ped 45 is off by 1.3683720827102661
at frame 15 ped 46 is off by 0.5149466395378113

at frame 16 ped 44 is off by 1.5265907049179077
at frame 16 ped 45 is off by 1.2686312198638916
at frame 16 ped 46 is off by 0.29945579171180725

at frame 17 ped 44 is off by 0.3560844659805298
at frame 17 ped 45 is off by 0.6405789256095886
at frame 17 ped 46 is off by 0.16378937661647797

at frame 18 ped 44 is off by 0.2907949686050415
at frame 18 ped 45 is off by 0.9382666349411011
at frame 18 ped 46 is off by 0.22684426605701447
at frame 18 ped 49 is off by 0.671829104423523
at frame 18 ped 50 is off by 0.27128273248672485

at frame 19 ped 44 is off by 0.4685797393321991
at frame 19 ped 45 is off by 0.8459662795066833
at frame 19 ped 46 is off by 0.1894887536764145
at frame 19 ped 49 is off by 0.8203132748603821
at frame 19 ped 50 is off by 0.17477059364318848
at frame 19 ped 51 is off by 1.1208683252334595

================================================================
at batch 15
at frame 13 ped 47 is off by 0.2446785420179367
at frame 13 ped 49 is off by 0.6595912575721741
at frame 13 ped 50 is off by 2.924351215362549
at frame 13 ped 51 is off by 0.0892128050327301
at frame 13 ped 53 is off by 0.8272538781166077
at frame 13 ped 54 is off by 0.5400416851043701
at frame 13 ped 55 is off by 0.23184818029403687
at frame 13 ped 56 is off by 0.8713189363479614
at frame 13 ped 57 is off by 1.6531548500061035
at frame 13 ped 58 is off by 0.8780957460403442
at frame 13 ped 59 is off by 0.6494178175926208
at frame 13 ped 60 is off by 1.1262245178222656
at frame 13 ped 61 is off by 0.6716420650482178

at frame 14 ped 47 is off by 0.17621886730194092
at frame 14 ped 51 is off by 1.7087041139602661
at frame 14 ped 53 is off by 2.3821473121643066
at frame 14 ped 54 is off by 0.6709676384925842
at frame 14 ped 55 is off by 0.5208372473716736
at frame 14 ped 56 is off by 0.770577609539032
at frame 14 ped 57 is off by 0.8498684763908386
at frame 14 ped 58 is off by 0.5542261004447937
at frame 14 ped 59 is off by 0.6100865602493286
at frame 14 ped 60 is off by 0.8006809949874878
at frame 14 ped 61 is off by 1.053385853767395

at frame 15 ped 47 is off by 0.34791865944862366
at frame 15 ped 52 is off by 1.019593358039856
at frame 15 ped 53 is off by 7.4145402908325195
at frame 15 ped 54 is off by 2.0864288806915283
at frame 15 ped 55 is off by 0.34496667981147766
at frame 15 ped 56 is off by 0.5996508598327637
at frame 15 ped 57 is off by 0.358640193939209
at frame 15 ped 58 is off by 0.4798363149166107
at frame 15 ped 59 is off by 0.1018877699971199
at frame 15 ped 60 is off by 0.5609380006790161
at frame 15 ped 61 is off by 0.6799533367156982
at frame 15 ped 62 is off by 1.4381648302078247

at frame 16 ped 47 is off by 0.4942769408226013
at frame 16 ped 52 is off by 0.32407107949256897
at frame 16 ped 54 is off by 3.030207633972168
at frame 16 ped 55 is off by 0.5544840693473816
at frame 16 ped 56 is off by 0.6242243647575378
at frame 16 ped 57 is off by 0.3349703252315521
at frame 16 ped 58 is off by 0.6028580069541931
at frame 16 ped 59 is off by 0.6191706657409668
at frame 16 ped 60 is off by 0.2116561084985733
at frame 16 ped 61 is off by 0.5788915157318115
at frame 16 ped 62 is off by 1.0350921154022217

at frame 17 ped 47 is off by 0.7119687795639038
at frame 17 ped 52 is off by 0.3442351222038269
at frame 17 ped 54 is off by 4.0642008781433105
at frame 17 ped 55 is off by 0.4085428714752197
at frame 17 ped 56 is off by 0.267623633146286
at frame 17 ped 57 is off by 0.8708028793334961
at frame 17 ped 58 is off by 0.743784487247467
at frame 17 ped 59 is off by 0.46598026156425476
at frame 17 ped 60 is off by 0.3731803596019745
at frame 17 ped 61 is off by 0.23612166941165924
at frame 17 ped 62 is off by 0.43802765011787415

at frame 18 ped 47 is off by 0.5296341180801392
at frame 18 ped 52 is off by 0.28501462936401367
at frame 18 ped 54 is off by 3.14481258392334
at frame 18 ped 55 is off by 0.1990673989057541
at frame 18 ped 56 is off by 0.5099530220031738
at frame 18 ped 57 is off by 0.4121229946613312
at frame 18 ped 58 is off by 0.21473705768585205
at frame 18 ped 59 is off by 0.19692569971084595
at frame 18 ped 60 is off by 0.21631576120853424
at frame 18 ped 61 is off by 0.47705772519111633
at frame 18 ped 62 is off by 0.08929014950990677

at frame 19 ped 47 is off by 0.4229891300201416
at frame 19 ped 52 is off by 0.46256569027900696
at frame 19 ped 54 is off by 5.8510050773620605
at frame 19 ped 55 is off by 0.2038719356060028
at frame 19 ped 56 is off by 0.9003444314002991
at frame 19 ped 57 is off by 0.988238513469696
at frame 19 ped 58 is off by 0.18372924625873566
at frame 19 ped 59 is off by 0.4474606215953827
at frame 19 ped 60 is off by 0.3603547513484955
at frame 19 ped 61 is off by 0.5593889951705933
at frame 19 ped 62 is off by 0.43212270736694336

================================================================
at batch 16
at frame 13 ped 48 is off by 0.49094030261039734
at frame 13 ped 63 is off by 1.6541435718536377

at frame 14 ped 48 is off by 0.42283380031585693
at frame 14 ped 63 is off by 1.9520374536514282

at frame 15 ped 48 is off by 0.4134061336517334
at frame 15 ped 63 is off by 6.168433666229248

at frame 16 ped 48 is off by 0.07592269033193588

at frame 17 ped 48 is off by 0.6789270639419556

at frame 18 ped 48 is off by 0.21753157675266266

at frame 19 ped 48 is off by 0.443441778421402

================================================================
at batch 17
at frame 13 ped 64 is off by 0.9560658931732178
at frame 13 ped 65 is off by 2.3222243785858154
at frame 13 ped 66 is off by 0.2818944752216339
at frame 13 ped 67 is off by 0.4125589430332184
at frame 13 ped 68 is off by 0.150925874710083

at frame 14 ped 64 is off by 0.42340564727783203
at frame 14 ped 65 is off by 1.0439648628234863
at frame 14 ped 66 is off by 0.41118544340133667
at frame 14 ped 67 is off by 0.6870035529136658
at frame 14 ped 68 is off by 0.7673293352127075

at frame 15 ped 64 is off by 0.3178326487541199
at frame 15 ped 65 is off by 0.3740810453891754
at frame 15 ped 66 is off by 0.3772658109664917
at frame 15 ped 67 is off by 0.3904990255832672
at frame 15 ped 68 is off by 0.19560591876506805

at frame 16 ped 64 is off by 0.36718255281448364
at frame 16 ped 65 is off by 0.7313507199287415
at frame 16 ped 66 is off by 0.3623118996620178
at frame 16 ped 67 is off by 0.2275410294532776
at frame 16 ped 68 is off by 0.5556954741477966

at frame 17 ped 64 is off by 0.31946349143981934
at frame 17 ped 65 is off by 0.24860835075378418
at frame 17 ped 66 is off by 0.12498752027750015
at frame 17 ped 67 is off by 0.5464981198310852
at frame 17 ped 68 is off by 0.46732890605926514

at frame 18 ped 64 is off by 0.43283727765083313
at frame 18 ped 65 is off by 0.3545297086238861
at frame 18 ped 66 is off by 0.024285325780510902
at frame 18 ped 67 is off by 0.3170660436153412
at frame 18 ped 68 is off by 0.4391348958015442

at frame 19 ped 64 is off by 0.5242626070976257
at frame 19 ped 65 is off by 0.5536593198776245
at frame 19 ped 66 is off by 0.19761338829994202
at frame 19 ped 67 is off by 0.34381815791130066
at frame 19 ped 68 is off by 0.0613231435418129

================================================================
at batch 18
at frame 13 ped 69 is off by 0.8660547137260437
at frame 13 ped 70 is off by 1.279299020767212
at frame 13 ped 71 is off by 0.7009830474853516
at frame 13 ped 72 is off by 0.3926580846309662
at frame 13 ped 73 is off by 0.6958921551704407
at frame 13 ped 74 is off by 0.4664396345615387

at frame 14 ped 69 is off by 0.39524737000465393
at frame 14 ped 70 is off by 0.25240421295166016
at frame 14 ped 71 is off by 0.12414788454771042
at frame 14 ped 72 is off by 0.39778852462768555
at frame 14 ped 73 is off by 1.15335214138031
at frame 14 ped 74 is off by 0.40045398473739624

at frame 15 ped 69 is off by 0.4255954325199127
at frame 15 ped 70 is off by 0.17105446755886078
at frame 15 ped 71 is off by 0.70473313331604
at frame 15 ped 72 is off by 0.11002279818058014
at frame 15 ped 73 is off by 0.7166178822517395
at frame 15 ped 74 is off by 0.431270956993103

at frame 16 ped 69 is off by 1.0625994205474854
at frame 16 ped 70 is off by 0.48103460669517517
at frame 16 ped 71 is off by 0.5200182199478149
at frame 16 ped 72 is off by 0.32605183124542236
at frame 16 ped 73 is off by 0.4028589129447937
at frame 16 ped 74 is off by 0.7176311016082764

at frame 17 ped 69 is off by 0.5837881565093994
at frame 17 ped 70 is off by 0.5743911862373352
at frame 17 ped 71 is off by 0.8906782865524292
at frame 17 ped 72 is off by 0.2865992784500122
at frame 17 ped 73 is off by 0.5551598072052002
at frame 17 ped 74 is off by 0.6743941903114319

at frame 18 ped 69 is off by 0.9479039311408997
at frame 18 ped 70 is off by 1.1569901704788208
at frame 18 ped 71 is off by 1.6036884784698486
at frame 18 ped 72 is off by 0.4112071692943573
at frame 18 ped 73 is off by 0.43501201272010803
at frame 18 ped 74 is off by 0.5874361395835876

at frame 19 ped 69 is off by 0.9491005539894104
at frame 19 ped 70 is off by 1.936057686805725
at frame 19 ped 71 is off by 2.2228660583496094
at frame 19 ped 72 is off by 6.475555419921875
at frame 19 ped 73 is off by 0.49039214849472046
at frame 19 ped 74 is off by 0.4361598491668701

================================================================
at batch 19
at frame 13 ped 75 is off by 0.5777674913406372

at frame 14 ped 75 is off by 1.3108409643173218

at frame 15 ped 75 is off by 1.171014428138733

at frame 16 ped 75 is off by 0.5131037831306458

at frame 17 ped 75 is off by 0.24053016304969788

at frame 18 ped 75 is off by 0.25822293758392334

at frame 19 ped 75 is off by 0.37509074807167053

================================================================
at batch 20
at frame 13 ped 76 is off by 0.6383782625198364
at frame 13 ped 77 is off by 1.8077385425567627

at frame 14 ped 76 is off by 2.1202147006988525
at frame 14 ped 77 is off by 1.424220085144043

at frame 15 ped 76 is off by 1.6566766500473022
at frame 15 ped 77 is off by 1.5001474618911743

at frame 16 ped 76 is off by 2.61684250831604
at frame 16 ped 77 is off by 0.5947772264480591
at frame 16 ped 78 is off by 0.03391721844673157

at frame 17 ped 77 is off by 0.8802677989006042
at frame 17 ped 78 is off by 0.34448373317718506

at frame 18 ped 77 is off by 0.2533520460128784
at frame 18 ped 78 is off by 0.1848555952310562

at frame 19 ped 77 is off by 0.10911858081817627
at frame 19 ped 78 is off by 0.3726877272129059

================================================================
at batch 21
at frame 13 ped 79 is off by 1.0345535278320312
at frame 13 ped 80 is off by 0.5054882764816284

at frame 14 ped 79 is off by 0.835522472858429
at frame 14 ped 80 is off by 0.31582024693489075

at frame 15 ped 79 is off by 0.7584105730056763
at frame 15 ped 80 is off by 0.727536141872406

at frame 16 ped 79 is off by 1.0084893703460693
at frame 16 ped 80 is off by 0.7890535593032837

at frame 17 ped 79 is off by 0.5813710689544678
at frame 17 ped 80 is off by 0.43124717473983765
at frame 17 ped 81 is off by 1.3218679428100586

at frame 18 ped 79 is off by 0.8210391998291016
at frame 18 ped 80 is off by 0.7200614809989929
at frame 18 ped 81 is off by 0.6278307437896729

at frame 19 ped 79 is off by 0.623809814453125
at frame 19 ped 80 is off by 0.8486122488975525
at frame 19 ped 81 is off by 0.18406057357788086

================================================================
at batch 22
at frame 13 ped 82 is off by 0.28205612301826477
at frame 13 ped 83 is off by 1.09382963180542

at frame 14 ped 82 is off by 0.24404917657375336
at frame 14 ped 83 is off by 0.18156905472278595

at frame 15 ped 82 is off by 0.5751414895057678
at frame 15 ped 83 is off by 0.1284566968679428

at frame 16 ped 82 is off by 0.7825630903244019
at frame 16 ped 83 is off by 0.3312534987926483

at frame 17 ped 82 is off by 0.4836668074131012
at frame 17 ped 83 is off by 0.20431876182556152

at frame 18 ped 82 is off by 0.46300429105758667
at frame 18 ped 83 is off by 0.2920960485935211

at frame 19 ped 82 is off by 0.9223203659057617
at frame 19 ped 83 is off by 0.39789101481437683

================================================================
at batch 23
at frame 13 ped 84 is off by 1.0300723314285278
at frame 13 ped 85 is off by 0.7601997256278992
at frame 13 ped 86 is off by 0.443136990070343

at frame 14 ped 84 is off by 1.979587435722351
at frame 14 ped 85 is off by 1.017984390258789
at frame 14 ped 86 is off by 0.3217541575431824

at frame 15 ped 84 is off by 0.4484173655509949
at frame 15 ped 85 is off by 0.5588580369949341
at frame 15 ped 86 is off by 0.6969780921936035

at frame 16 ped 84 is off by 0.8697916865348816
at frame 16 ped 85 is off by 0.20975236594676971
at frame 16 ped 86 is off by 0.3999372124671936

at frame 17 ped 84 is off by 0.37589889764785767
at frame 17 ped 85 is off by 0.42079928517341614
at frame 17 ped 86 is off by 0.2739339768886566

at frame 18 ped 84 is off by 0.32268086075782776
at frame 18 ped 85 is off by 0.3991129696369171
at frame 18 ped 86 is off by 0.3520953357219696

at frame 19 ped 84 is off by 0.5512747764587402
at frame 19 ped 85 is off by 0.31635069847106934
at frame 19 ped 86 is off by 0.21001088619232178

================================================================
at batch 24
at frame 13 ped 87 is off by 0.7298552989959717
at frame 13 ped 88 is off by 1.3182531595230103

at frame 14 ped 87 is off by 0.5592293739318848
at frame 14 ped 88 is off by 0.1857089102268219
at frame 14 ped 89 is off by 0.9272574186325073
at frame 14 ped 90 is off by 2.5169296264648438
at frame 14 ped 91 is off by 0.5787803530693054

at frame 15 ped 87 is off by 0.2910957336425781
at frame 15 ped 88 is off by 0.1412038803100586
at frame 15 ped 89 is off by 0.26268669962882996
at frame 15 ped 90 is off by 0.5019829869270325
at frame 15 ped 91 is off by 0.34775713086128235

at frame 16 ped 87 is off by 0.5248973965644836
at frame 16 ped 88 is off by 0.5166102051734924
at frame 16 ped 89 is off by 0.2997816503047943
at frame 16 ped 90 is off by 0.6542539000511169
at frame 16 ped 91 is off by 0.392923504114151

at frame 17 ped 87 is off by 0.6692680716514587
at frame 17 ped 88 is off by 0.5788697004318237
at frame 17 ped 89 is off by 0.4610643982887268
at frame 17 ped 90 is off by 0.5975370407104492
at frame 17 ped 91 is off by 0.14004990458488464

at frame 18 ped 87 is off by 0.3390944004058838
at frame 18 ped 88 is off by 0.45382505655288696
at frame 18 ped 89 is off by 0.3882894814014435
at frame 18 ped 90 is off by 1.0069478750228882
at frame 18 ped 91 is off by 0.07650357484817505

at frame 19 ped 87 is off by 0.396455854177475
at frame 19 ped 88 is off by 0.5213431119918823
at frame 19 ped 89 is off by 0.23853592574596405
at frame 19 ped 90 is off by 1.1536520719528198
at frame 19 ped 91 is off by 0.5638509392738342

================================================================
at batch 25
at frame 13 ped 92 is off by 0.48340535163879395
at frame 13 ped 93 is off by 0.4065772593021393

at frame 14 ped 92 is off by 0.3270742893218994
at frame 14 ped 93 is off by 0.942542314529419

at frame 15 ped 92 is off by 0.4322780966758728
at frame 15 ped 93 is off by 0.16804194450378418

at frame 16 ped 92 is off by 0.3596414625644684
at frame 16 ped 93 is off by 0.16993458569049835

at frame 17 ped 92 is off by 0.876631498336792
at frame 17 ped 93 is off by 0.11075782030820847

at frame 18 ped 92 is off by 0.7379971742630005
at frame 18 ped 93 is off by 0.16955792903900146

at frame 19 ped 92 is off by 1.2063432931900024
at frame 19 ped 93 is off by 0.2597915530204773

================================================================
at batch 26
at frame 13 ped 94 is off by 0.20618991553783417
at frame 13 ped 96 is off by 0.24990421533584595

at frame 14 ped 94 is off by 0.12951190769672394
at frame 14 ped 96 is off by 1.2909181118011475

at frame 15 ped 94 is off by 0.13767585158348083
at frame 15 ped 96 is off by 0.40353554487228394
at frame 15 ped 97 is off by 0.06203220784664154

at frame 16 ped 94 is off by 0.05837224796414375
at frame 16 ped 96 is off by 0.4101961553096771
at frame 16 ped 97 is off by 0.29392388463020325

at frame 17 ped 94 is off by 0.3426116704940796
at frame 17 ped 96 is off by 0.36820298433303833
at frame 17 ped 97 is off by 0.42416664958000183

at frame 18 ped 94 is off by 0.23633168637752533
at frame 18 ped 96 is off by 0.3930727541446686
at frame 18 ped 97 is off by 0.33398497104644775

at frame 19 ped 94 is off by 0.39057260751724243
at frame 19 ped 96 is off by 0.290618896484375
at frame 19 ped 97 is off by 0.12606576085090637

================================================================
at batch 27
at frame 13 ped 95 is off by 1.1482716798782349
at frame 13 ped 98 is off by 0.44046634435653687
at frame 13 ped 99 is off by 2.368795394897461
at frame 13 ped 100 is off by 0.8638965487480164
at frame 13 ped 101 is off by 1.2214778661727905
at frame 13 ped 102 is off by 1.3062554597854614
at frame 13 ped 103 is off by 0.39868220686912537
at frame 13 ped 104 is off by 0.4928823411464691
at frame 13 ped 105 is off by 1.0393980741500854

at frame 14 ped 95 is off by 0.46460404992103577
at frame 14 ped 98 is off by 0.09863568842411041
at frame 14 ped 99 is off by 0.5725011825561523
at frame 14 ped 100 is off by 1.0213160514831543
at frame 14 ped 101 is off by 0.7057358026504517
at frame 14 ped 102 is off by 0.7616785168647766
at frame 14 ped 103 is off by 0.3551987409591675
at frame 14 ped 104 is off by 0.8091796040534973
at frame 14 ped 105 is off by 0.6598523259162903

at frame 15 ped 95 is off by 0.032347921282052994
at frame 15 ped 98 is off by 2.4623970985412598
at frame 15 ped 99 is off by 0.9772796034812927
at frame 15 ped 100 is off by 1.1730754375457764
at frame 15 ped 101 is off by 0.21001140773296356
at frame 15 ped 102 is off by 0.08205139636993408
at frame 15 ped 103 is off by 0.7931373715400696
at frame 15 ped 104 is off by 0.2041516751050949
at frame 15 ped 105 is off by 0.5317614078521729

at frame 16 ped 95 is off by 0.24327920377254486
at frame 16 ped 99 is off by 0.5754750370979309
at frame 16 ped 100 is off by 1.2729400396347046
at frame 16 ped 101 is off by 0.07744237780570984
at frame 16 ped 102 is off by 0.3608454465866089
at frame 16 ped 103 is off by 0.7846933603286743
at frame 16 ped 104 is off by 0.21265846490859985
at frame 16 ped 105 is off by 0.8198336958885193

at frame 17 ped 95 is off by 0.08107145130634308
at frame 17 ped 99 is off by 0.6053249835968018
at frame 17 ped 100 is off by 1.2915228605270386
at frame 17 ped 101 is off by 0.09659045934677124
at frame 17 ped 102 is off by 0.7074905633926392
at frame 17 ped 103 is off by 1.147125482559204
at frame 17 ped 104 is off by 0.16294297575950623
at frame 17 ped 105 is off by 0.9042630195617676

at frame 18 ped 95 is off by 0.18008260428905487
at frame 18 ped 99 is off by 0.5003488659858704
at frame 18 ped 100 is off by 1.1169945001602173
at frame 18 ped 101 is off by 0.1612820327281952
at frame 18 ped 102 is off by 0.3587818741798401
at frame 18 ped 103 is off by 1.163177490234375
at frame 18 ped 104 is off by 0.34741470217704773
at frame 18 ped 105 is off by 1.0551574230194092

at frame 19 ped 95 is off by 1.19076669216156
at frame 19 ped 99 is off by 0.6052853465080261
at frame 19 ped 100 is off by 1.0317463874816895
at frame 19 ped 101 is off by 0.18721406161785126
at frame 19 ped 102 is off by 0.45774346590042114
at frame 19 ped 103 is off by 0.9029515385627747
at frame 19 ped 104 is off by 0.5629355907440186
at frame 19 ped 105 is off by 0.9879693388938904

================================================================
at batch 28
at frame 13 ped 106 is off by 1.513606071472168
at frame 13 ped 107 is off by 1.5353261232376099

at frame 14 ped 106 is off by 1.4301888942718506
at frame 14 ped 107 is off by 1.2310597896575928

at frame 15 ped 106 is off by 0.9586341977119446
at frame 15 ped 107 is off by 1.1133743524551392

at frame 16 ped 106 is off by 0.4598422348499298
at frame 16 ped 107 is off by 0.4744004011154175

at frame 17 ped 106 is off by 0.3132989704608917
at frame 17 ped 107 is off by 0.9197961688041687

at frame 18 ped 106 is off by 0.469558984041214
at frame 18 ped 107 is off by 0.6372358202934265

at frame 19 ped 106 is off by 0.26209184527397156
at frame 19 ped 107 is off by 0.3588002324104309

================================================================
at batch 29
at frame 13 ped 108 is off by 0.5961637496948242
at frame 13 ped 109 is off by 0.7629659175872803

at frame 14 ped 108 is off by 0.3719237744808197
at frame 14 ped 109 is off by 0.9184396862983704

at frame 15 ped 108 is off by 0.23739562928676605
at frame 15 ped 109 is off by 0.8726128935813904

at frame 16 ped 108 is off by 0.5146960616111755
at frame 16 ped 109 is off by 0.4991975724697113

at frame 17 ped 108 is off by 0.27742475271224976
at frame 17 ped 109 is off by 0.6347435116767883

at frame 18 ped 108 is off by 0.031370341777801514
at frame 18 ped 109 is off by 1.2368323802947998

at frame 19 ped 108 is off by 3.6242072582244873
at frame 19 ped 109 is off by 0.8591426610946655

================================================================
at batch 30
at frame 13 ped 110 is off by 0.4113732576370239
at frame 13 ped 113 is off by 0.6961771249771118
at frame 13 ped 114 is off by 1.1986504793167114
at frame 13 ped 115 is off by 0.46819064021110535

at frame 14 ped 110 is off by 0.20720739662647247
at frame 14 ped 113 is off by 0.6376579403877258
at frame 14 ped 114 is off by 1.001443862915039
at frame 14 ped 115 is off by 0.560351550579071

at frame 15 ped 110 is off by 0.2219599485397339
at frame 15 ped 113 is off by 0.42556825280189514
at frame 15 ped 114 is off by 0.7173324227333069
at frame 15 ped 115 is off by 0.1162680983543396

at frame 16 ped 110 is off by 0.5909270644187927
at frame 16 ped 113 is off by 0.41246578097343445
at frame 16 ped 114 is off by 0.17987065017223358
at frame 16 ped 115 is off by 0.1924399435520172
at frame 16 ped 119 is off by 0.7705299258232117
at frame 16 ped 120 is off by 0.5023784041404724

at frame 17 ped 111 is off by 0.21707972884178162
at frame 17 ped 113 is off by 0.4239192306995392
at frame 17 ped 114 is off by 0.44525787234306335
at frame 17 ped 115 is off by 0.6547290682792664
at frame 17 ped 119 is off by 0.8156116604804993
at frame 17 ped 120 is off by 0.6023038029670715

at frame 18 ped 111 is off by 0.4965444505214691
at frame 18 ped 113 is off by 0.2946529984474182
at frame 18 ped 114 is off by 0.6399834156036377
at frame 18 ped 115 is off by 0.6678812503814697
at frame 18 ped 119 is off by 0.6630728244781494
at frame 18 ped 120 is off by 0.22438207268714905

at frame 19 ped 111 is off by 0.6028757691383362
at frame 19 ped 113 is off by 1.0077807903289795
at frame 19 ped 114 is off by 0.9892014861106873
at frame 19 ped 115 is off by 0.435916006565094
at frame 19 ped 119 is off by 0.848200798034668
at frame 19 ped 120 is off by 0.09849052131175995
at frame 19 ped 121 is off by 0.2258387804031372
at frame 19 ped 122 is off by 1.801851511001587

================================================================
at batch 31
at frame 13 ped 112 is off by 0.10156230628490448
at frame 13 ped 116 is off by 0.3841480016708374
at frame 13 ped 121 is off by 0.41732943058013916
at frame 13 ped 122 is off by 1.2123165130615234
at frame 13 ped 123 is off by 1.137803554534912
at frame 13 ped 126 is off by 0.9401035308837891
at frame 13 ped 129 is off by 0.42329227924346924
at frame 13 ped 130 is off by 0.24844804406166077
at frame 13 ped 131 is off by 1.0133841037750244
at frame 13 ped 132 is off by 0.5291759371757507

at frame 14 ped 112 is off by 0.3708218038082123
at frame 14 ped 116 is off by 0.2540619373321533
at frame 14 ped 121 is off by 6.913992881774902
at frame 14 ped 122 is off by 6.625658988952637
at frame 14 ped 123 is off by 0.863264799118042
at frame 14 ped 126 is off by 0.166852667927742
at frame 14 ped 129 is off by 0.21731683611869812
at frame 14 ped 130 is off by 0.3665044605731964
at frame 14 ped 131 is off by 1.0129328966140747
at frame 14 ped 132 is off by 0.36306923627853394

at frame 15 ped 112 is off by 0.35130181908607483
at frame 15 ped 116 is off by 0.6959927082061768
at frame 15 ped 123 is off by 0.2909967005252838
at frame 15 ped 126 is off by 0.027566997334361076
at frame 15 ped 129 is off by 0.3940562903881073
at frame 15 ped 130 is off by 0.0238738302141428
at frame 15 ped 131 is off by 0.6674186587333679
at frame 15 ped 132 is off by 0.36278465390205383

at frame 16 ped 112 is off by 0.3309401273727417
at frame 16 ped 116 is off by 0.4798533618450165
at frame 16 ped 123 is off by 0.41398370265960693
at frame 16 ped 126 is off by 0.41236379742622375
at frame 16 ped 129 is off by 0.43988296389579773
at frame 16 ped 130 is off by 0.0810057520866394
at frame 16 ped 131 is off by 0.8548162579536438
at frame 16 ped 132 is off by 0.304146409034729
at frame 16 ped 133 is off by 0.14458316564559937

at frame 17 ped 112 is off by 0.23472945392131805
at frame 17 ped 116 is off by 0.47622448205947876
at frame 17 ped 123 is off by 0.5873087048530579
at frame 17 ped 126 is off by 0.5415024161338806
at frame 17 ped 129 is off by 0.3084900677204132
at frame 17 ped 130 is off by 0.10042375326156616
at frame 17 ped 131 is off by 0.686581015586853
at frame 17 ped 132 is off by 0.01785413548350334
at frame 17 ped 133 is off by 0.6993693113327026

at frame 18 ped 112 is off by 0.2785390019416809
at frame 18 ped 116 is off by 0.26464346051216125
at frame 18 ped 123 is off by 0.35614898800849915
at frame 18 ped 126 is off by 0.4464578330516815
at frame 18 ped 129 is off by 0.6368685364723206
at frame 18 ped 130 is off by 0.19783447682857513
at frame 18 ped 131 is off by 0.8525959849357605
at frame 18 ped 132 is off by 0.5467379093170166
at frame 18 ped 133 is off by 1.0801434516906738

at frame 19 ped 112 is off by 0.2798718214035034
at frame 19 ped 116 is off by 0.6242961287498474
at frame 19 ped 123 is off by 0.35480639338493347
at frame 19 ped 126 is off by 0.49113529920578003
at frame 19 ped 129 is off by 1.0059971809387207
at frame 19 ped 130 is off by 0.5446495413780212
at frame 19 ped 131 is off by 0.48828986287117004
at frame 19 ped 132 is off by 0.9233120679855347
at frame 19 ped 133 is off by 0.654160737991333

================================================================
at batch 32
at frame 13 ped 117 is off by 0.30186209082603455
at frame 13 ped 124 is off by 1.0449657440185547
at frame 13 ped 127 is off by 0.860653281211853
at frame 13 ped 134 is off by 0.5075826644897461
at frame 13 ped 135 is off by 1.0096255540847778
at frame 13 ped 136 is off by 1.2575631141662598
at frame 13 ped 137 is off by 1.2753468751907349

at frame 14 ped 117 is off by 0.6907815337181091
at frame 14 ped 124 is off by 0.2762886881828308
at frame 14 ped 127 is off by 0.06796051561832428
at frame 14 ped 134 is off by 0.2146599441766739
at frame 14 ped 135 is off by 0.6576508283615112
at frame 14 ped 136 is off by 1.7961249351501465
at frame 14 ped 137 is off by 0.9293420910835266

at frame 15 ped 117 is off by 0.5875993967056274
at frame 15 ped 124 is off by 0.1906624436378479
at frame 15 ped 127 is off by 0.1931488960981369
at frame 15 ped 134 is off by 2.4685850143432617
at frame 15 ped 135 is off by 2.8775293827056885
at frame 15 ped 136 is off by 0.2209460735321045
at frame 15 ped 137 is off by 1.452060341835022
at frame 15 ped 138 is off by 1.5656335353851318
at frame 15 ped 139 is off by 0.6902316212654114

at frame 16 ped 117 is off by 0.5182346105575562
at frame 16 ped 124 is off by 0.2944871485233307
at frame 16 ped 127 is off by 0.042346011847257614
at frame 16 ped 136 is off by 0.5523199439048767
at frame 16 ped 137 is off by 0.7948033809661865
at frame 16 ped 138 is off by 0.1512625366449356
at frame 16 ped 139 is off by 1.0603899955749512

at frame 17 ped 117 is off by 0.8285161852836609
at frame 17 ped 124 is off by 0.43403857946395874
at frame 17 ped 127 is off by 0.418888121843338
at frame 17 ped 136 is off by 0.2329246699810028
at frame 17 ped 137 is off by 0.3865813910961151
at frame 17 ped 138 is off by 0.2966601252555847
at frame 17 ped 139 is off by 0.8835138082504272

at frame 18 ped 117 is off by 0.6569801568984985
at frame 18 ped 124 is off by 2.6151769161224365
at frame 18 ped 127 is off by 2.556713342666626
at frame 18 ped 136 is off by 0.10817809402942657
at frame 18 ped 137 is off by 0.3175388276576996
at frame 18 ped 138 is off by 0.7879078984260559
at frame 18 ped 139 is off by 0.4625016450881958

at frame 19 ped 117 is off by 0.5552581548690796
at frame 19 ped 125 is off by 0.12912550568580627
at frame 19 ped 128 is off by 0.5346809029579163
at frame 19 ped 136 is off by 0.5939621329307556
at frame 19 ped 137 is off by 0.08046355098485947
at frame 19 ped 138 is off by 1.0488930940628052
at frame 19 ped 139 is off by 0.6584759950637817

================================================================
at batch 33
at frame 13 ped 118 is off by 0.23478925228118896
at frame 13 ped 125 is off by 1.026390552520752
at frame 13 ped 128 is off by 1.2041049003601074
at frame 13 ped 140 is off by 0.4221232235431671
at frame 13 ped 141 is off by 0.17621903121471405

at frame 14 ped 118 is off by 0.16657689213752747
at frame 14 ped 125 is off by 2.726167678833008
at frame 14 ped 128 is off by 3.0611677169799805
at frame 14 ped 140 is off by 0.3901683986186981
at frame 14 ped 141 is off by 0.4983457922935486

at frame 15 ped 118 is off by 0.4953867495059967
at frame 15 ped 140 is off by 0.37353092432022095
at frame 15 ped 141 is off by 0.24386967718601227

at frame 16 ped 118 is off by 0.6736776828765869
at frame 16 ped 140 is off by 0.47819462418556213
at frame 16 ped 141 is off by 0.444332480430603

at frame 17 ped 118 is off by 5.866835117340088
at frame 17 ped 140 is off by 0.7800456285476685
at frame 17 ped 141 is off by 0.7759543657302856

at frame 18 ped 140 is off by 1.07008957862854
at frame 18 ped 141 is off by 0.6859443783760071

at frame 19 ped 140 is off by 2.4040613174438477
at frame 19 ped 141 is off by 0.6143121719360352

================================================================
at batch 34
at frame 13 ped 142 is off by 0.9090266227722168
at frame 13 ped 143 is off by 0.8864482045173645
at frame 13 ped 144 is off by 1.3292351961135864

at frame 14 ped 142 is off by 1.177298665046692
at frame 14 ped 143 is off by 0.5855724215507507
at frame 14 ped 144 is off by 0.7662868499755859

at frame 15 ped 142 is off by 2.193681001663208
at frame 15 ped 143 is off by 0.22772197425365448
at frame 15 ped 144 is off by 0.6348569393157959

at frame 16 ped 142 is off by 2.261648654937744
at frame 16 ped 143 is off by 0.5627009868621826
at frame 16 ped 144 is off by 1.154939889907837

at frame 17 ped 142 is off by 5.635858058929443
at frame 17 ped 143 is off by 0.7237750887870789
at frame 17 ped 144 is off by 0.6949607133865356

at frame 18 ped 143 is off by 0.3504512310028076
at frame 18 ped 144 is off by 0.28601929545402527

at frame 19 ped 143 is off by 0.2838854491710663
at frame 19 ped 144 is off by 0.17640367150306702

================================================================
at batch 35
================================================================

