1260.0	20.0	12.74787169	10.1771698392
1260.0	21.0	13.3855809722	9.95211364805
1260.0	22.0	6.4349707268	4.71758826094
1260.0	23.0	3.31356268594	5.86840581515
1260.0	24.0	1.69213948139	7.81133524462
1260.0	25.0	1.31645926071	7.59630276508
1260.0	26.0	12.8242705248	3.69922689556
1260.0	27.0	2.27912667213	4.14528206122
1260.0	28.0	2.03582900541	4.87438774935
1260.0	29.0	13.2382553954	4.43907227467
1270.0	20.0	12.6847321571	9.80342859283
1270.0	21.0	13.3013949283	9.56238219512
1270.0	22.0	7.09267419438	4.87080785235
1270.0	23.0	3.74627895133	5.95456200285
1270.0	24.0	2.00089179721	7.75572751129
1270.0	25.0	1.64899413392	7.47315430843
1270.0	26.0	12.1579379877	3.72309287553
1270.0	27.0	2.85032897966	4.17248927839
1270.0	28.0	2.5691475932	4.9168691937
1270.0	29.0	12.6285379729	4.45553980085
1280.0	20.0	12.6215926242	9.42944868668
1280.0	21.0	13.2172088845	9.17241208239
1280.0	22.0	7.72406952326	5.01806094877
1280.0	23.0	4.17899521672	6.04071819055
1280.0	24.0	2.30943364792	7.69988111816
1280.0	25.0	1.9941569137	7.36623471816
1280.0	26.0	11.4913949856	3.7469588555
1280.0	27.0	3.42153128718	4.19969649556
1280.0	28.0	3.10225571588	4.95935063805
1280.0	29.0	12.0190310154	4.47200732703
1290.0	20.0	12.5546647194	9.05857135792
1290.0	21.0	13.1330228406	8.78268062945
1290.0	22.0	8.35546485213	5.165552705
1290.0	23.0	4.60792311014	6.10825891387
1290.0	24.0	2.64428363734	7.65023987981
1290.0	25.0	2.38877899425	7.32446925321
1290.0	26.0	10.8900961674	3.70614802975
1290.0	27.0	3.99946847821	4.23263154792
1290.0	28.0	3.63536383856	5.00183208239
1290.0	29.0	11.4109973137	4.48465629642
1300.0	20.0	12.4536414668	8.71490124634
1300.0	21.0	12.9587577299	8.42063371329
1300.0	22.0	8.9910694832	5.29228105865
1300.0	23.0	5.02211844588	6.10062180028
1300.0	24.0	3.03953711321	7.61396359026
1300.0	25.0	2.7834010748	7.28270378826
1300.0	26.0	10.2887973492	3.6650985442
1300.0	27.0	4.63654636505	4.31640113762
1300.0	28.0	4.19267544885	5.04670012474
1300.0	29.0	10.8179066348	4.46293825464
1310.0	20.0	12.3526182141	8.37123113475
1310.0	21.0	12.7847030842	8.05858679712
1310.0	22.0	9.664557834	5.23261610872
1310.0	23.0	5.43652424674	6.09322334648
1310.0	24.0	3.4350010542	7.5779259605
1310.0	25.0	3.17802315535	7.24093832331
1310.0	26.0	9.68749853095	3.62428771845
1310.0	27.0	5.27362425189	4.40040938712
1310.0	28.0	4.84553821891	5.10183053847
1310.0	29.0	10.2248159558	4.44122021287
1320.0	20.0	12.1922438006	8.09772700428
1320.0	21.0	12.6022298342	7.70035843775
1320.0	22.0	10.3378357197	5.15839291101
1320.0	23.0	5.85093004759	6.08582489269
1320.0	24.0	3.83046499518	7.54164967095
1320.0	25.0	3.57348709633	7.20012749756
1320.0	26.0	9.10619389817	3.61712792446
1320.0	27.0	5.91070213872	4.48417897682
1320.0	28.0	5.49861145408	5.15696095221
1320.0	29.0	9.6317252769	4.41950217109
1330.0	20.0	11.9923019465	7.87100019455
1330.0	21.0	12.3460937957	7.37864502774
1330.0	22.0	11.0094298845	4.95386146265
1330.0	23.0	6.27186026684	6.06983468611
1330.0	24.0	4.22592893617	7.4982135874
1330.0	25.0	3.9729498744	7.1633738884
1330.0	26.0	8.5448834508	3.64361916223
1330.0	27.0	6.52778584015	4.57224444291
1330.0	28.0	6.15147422413	5.21185270614
1330.0	29.0	9.04326483039	4.32475423061
1340.0	20.0	11.768788	7.68269761258
1340.0	21.0	12.0897472922	7.05717027753
1340.0	22.0	11.6808135842	4.7493300143
1340.0	23.0	6.69279048609	6.05408313933
1340.0	24.0	4.62139287716	7.45477750385
1340.0	25.0	4.37220218736	7.12685893904
1340.0	26.0	7.98357300343	3.67011039999
1340.0	27.0	7.11477303089	4.6665150638
1340.0	28.0	6.79149862251	5.28178002746
1340.0	29.0	8.45627763964	4.21162948554
1350.0	20.0	11.5296996355	7.51993162917
1350.0	21.0	11.7018600952	6.85168418997
1350.0	22.0	12.3761903064	4.52093258597
1350.0	23.0	7.11372070534	6.03809293275
1350.0	24.0	5.01664635303	7.4115800801
1350.0	25.0	4.77166496543	7.09010532989
1350.0	26.0	7.42247302116	3.69660163776
1350.0	27.0	7.70197068675	4.76054702488
1350.0	28.0	7.4014265102	5.38583570013
1350.0	29.0	8.00819742125	4.18847948497
1350.0	30.0	0.365998825639	5.19347590156
1350.0	31.0	0.174896506099	4.52284186437
1360.0	20.0	11.2144229013	7.4108641007
1360.0	21.0	11.2809298759	6.67531459799
1360.0	22.0	13.0717774937	4.29277381745
1360.0	23.0	7.45741022936	5.99036097281
1360.0	24.0	5.37464750451	7.35143781057
1360.0	25.0	5.16039402291	7.03330429756
1360.0	26.0	6.83043466779	3.68872586437
1360.0	27.0	8.28895787749	4.85481764577
1360.0	28.0	8.01114393279	5.48989137281
1360.0	29.0	7.56411603994	4.18203567038
1360.0	30.0	0.929413924106	5.27056301687
1360.0	31.0	0.734312767483	4.5844160927
1370.0	20.0	10.7850740777	7.38222492474
1370.0	21.0	10.8233787276	6.59727284348
1370.0	22.0	13.790305378	4.17941041258
1370.0	23.0	7.80131021849	5.94262901286
1370.0	24.0	5.71665330765	7.28437440685
1370.0	25.0	5.52449866256	6.93020326408
1370.0	26.0	6.23481840755	3.67703153419
1370.0	27.0	8.90267413716	4.89252589413
1370.0	28.0	8.62107182048	5.59370838568
1370.0	29.0	7.01690675492	4.23645010471
1370.0	30.0	1.49303948768	5.34741147238
1370.0	31.0	1.29351856376	4.64575166122
1380.0	20.0	10.355725254	7.35358574877
1380.0	21.0	10.3292066502	6.61803624605
1380.0	22.0	14.5189355875	4.11497226666
1380.0	23.0	8.14499974251	5.89489705292
1380.0	24.0	6.05865911079	7.21731100313
1380.0	25.0	5.8883928371	6.8268635708
1380.0	26.0	5.63941261242	3.6655758638
1380.0	27.0	9.53406946604	4.89252589413
1380.0	28.0	9.23647180103	5.65623725321
1380.0	29.0	6.46969746989	4.29110319885
1380.0	30.0	2.05834877214	5.4159068349
1380.0	31.0	1.85272436003	4.70708722975
1390.0	20.0	9.79862410884	7.51444245378
1390.0	21.0	9.83124620083	6.66720016479
1390.0	22.0	15.2473553319	4.05077278054
1390.0	23.0	8.52383693983	5.85671148497
1390.0	24.0	6.41118816941	7.12996151644
1390.0	25.0	6.25249747676	6.72376253733
1390.0	26.0	5.04400681729	3.65388153361
1390.0	27.0	10.1654647949	4.89252589413
1390.0	28.0	9.86029038596	5.65623725321
1390.0	29.0	5.92248818486	4.34575629298
1390.0	30.0	2.62660456813	5.47175322803
1390.0	31.0	2.42960922552	4.77176403547
1400.0	20.0	9.22742180131	7.69630122116
1400.0	21.0	9.31771133334	6.8294888286
1400.0	23.0	8.90267413716	5.81852591701
1400.0	24.0	6.77424048352	7.02256460657
1400.0	25.0	6.60734165158	6.60872851387
1400.0	26.0	4.45259985924	3.6655758638
1400.0	27.0	10.7888624496	4.87104651215
1400.0	28.0	10.4841089709	5.65623725321
1400.0	29.0	5.34581378449	4.34360835478
1400.0	30.0	3.19486036412	5.52736096136
1400.0	31.0	3.01428130006	4.83811145979
1410.0	20.0	8.71809623602	7.82064297681
1410.0	21.0	8.80417646586	6.99177749241
1410.0	23.0	9.30950319407	5.81136612302
1410.0	24.0	7.13729279762	6.9151676967
1410.0	25.0	6.95608233823	6.48605737681
1410.0	26.0	3.86224522674	3.68299802918
1410.0	27.0	11.4040519651	4.828326408
1410.0	28.0	11.0540484878	5.61781302545
1410.0	29.0	4.74956612892	4.30375216823
1410.0	30.0	3.75680220682	5.57031972531
1410.0	31.0	3.5989533746	4.90445888411
1420.0	20.0	8.22434508884	7.93090380428
1420.0	21.0	8.33084043431	7.14619038282
1420.0	23.0	9.74453457566	5.83523210299
1420.0	24.0	7.50034511172	6.80777078683
1420.0	25.0	7.30503348999	6.36338623976
1420.0	26.0	3.27189059424	3.70042019456
1420.0	27.0	12.0192414805	4.78536764405
1420.0	28.0	11.5879984709	5.55385219913
1420.0	29.0	4.14447893875	4.27749959026
1420.0	30.0	4.30927311958	5.59418570528
1420.0	31.0	4.18362544914	4.96006661744
1420.0	32.0	0.285601153762	5.59490168468
1430.0	20.0	7.71986022106	8.03233421916
1430.0	21.0	7.87497300686	7.29750069584
1430.0	23.0	10.1795659573	5.85909808297
1430.0	24.0	7.84613928684	6.71326150614
1430.0	25.0	7.65651022307	6.2438176801
1430.0	26.0	2.68153596174	3.71784235994
1430.0	27.0	12.6344309959	4.74264753991
1430.0	28.0	12.1217379889	5.48965271301
1430.0	29.0	3.5050859357	4.30494546723
1430.0	30.0	4.86174403235	5.61805168525
1430.0	31.0	4.76829752368	4.92044909069
1430.0	32.0	0.688431373585	5.71089034734
1440.0	20.0	7.17265093604	8.09915896308
1440.0	21.0	7.4188951143	7.44857234906
1440.0	23.0	10.5960764092	5.86458725836
1440.0	24.0	8.17467532297	6.63187851444
1440.0	25.0	8.03429509484	6.15241097681
1440.0	26.0	2.11159644487	3.72691143233
1440.0	27.0	13.2129995823	4.65219547581
1440.0	28.0	12.655687972	5.42569188669
1440.0	29.0	2.86548246755	4.332630004
1440.0	30.0	5.41421494512	5.64191766523
1440.0	31.0	5.35275913311	4.88059290414
1440.0	32.0	1.09147205852	5.8266403502
1450.0	20.0	6.62544165101	8.165983707
1450.0	21.0	6.93840326902	7.51611307238
1450.0	23.0	10.9942763966	5.85169962917
1450.0	24.0	8.50321135909	6.55025686294
1450.0	25.0	8.41186950151	6.06124293332
1450.0	26.0	1.55049646261	3.73216194792
1450.0	27.0	13.7675751462	4.52976299856
1450.0	28.0	13.1292344687	5.28297332646
1450.0	29.0	2.27154992819	4.37439546895
1450.0	30.0	5.95721492795	5.63046199484
1450.0	31.0	5.93743120765	4.84073671759
1450.0	32.0	1.49430227834	5.94262901286
1460.0	20.0	6.09064980745	8.19152030556
1460.0	21.0	6.44717770316	7.54809348554
1460.0	23.0	11.392476384	5.83881199999
1460.0	24.0	8.83174739522	6.46887387123
1460.0	25.0	8.78944390818	5.97007488983
1460.0	26.0	0.98918601524	3.73741246351
1460.0	27.0	14.3219402449	4.40756918111
1460.0	28.0	13.542587944	5.06125837252
1460.0	29.0	1.7077138995	4.42546866609
1460.0	30.0	6.48632421355	5.56602384892
1460.0	31.0	6.49916258524	4.80064187124
1460.0	32.0	1.94364528739	5.94907282746
1470.0	20.0	5.56111959164	8.19915741916
1470.0	21.0	5.9561626024	7.5798352389
1470.0	23.0	11.7906763714	5.82592437081
1470.0	24.0	9.1659659893	6.40443572531
1470.0	25.0	9.12366250227	5.92305890929
1470.0	26.0	0.427875567869	3.74266297911
1470.0	27.0	14.8763053437	4.28537536365
1470.0	28.0	13.9561518844	4.83978207839
1470.0	29.0	1.14408833592	4.47654186323
1470.0	30.0	7.01522303404	5.50134704319
1470.0	31.0	7.03816373099	4.75983104549
1470.0	32.0	2.39298829644	5.95551664205
1480.0	20.0	5.03137891071	8.20679453275
1480.0	21.0	5.46051726923	7.55907183632
1480.0	23.0	12.1552019413	5.72783519312
1480.0	24.0	9.50860318777	6.36553417796
1480.0	25.0	9.4393601667	5.89489705292
1480.0	26.0	-0.133224414393	3.7479134947
1480.0	27.0	15.4306704424	4.1631815462
1480.0	28.0	14.3747669874	4.61949908325
1480.0	29.0	0.588249981403	4.55720887553
1480.0	30.0	7.54433231964	5.43690889727
1480.0	31.0	7.57716487674	4.71902021973
1480.0	32.0	2.84233130549	5.96196045664
1490.0	20.0	4.52626264761	8.18889504777
1490.0	21.0	4.96318821519	7.51563575278
1490.0	23.0	12.5113089068	5.60850529327
1490.0	24.0	9.85124038624	6.3266326306
1490.0	25.0	9.75505783114	5.86673519656
1490.0	28.0	14.7956972067	4.39993206752
1490.0	29.0	0.034305812869	4.64503568182
1490.0	30.0	8.04671253631	5.34049033819
1490.0	31.0	8.11616602249	4.67820939398
1490.0	32.0	3.29967198871	5.96649499284
1490.0	33.0	14.8798832505	4.95314548325
1500.0	20.0	4.03714173284	8.15381205721
1500.0	21.0	4.46564869603	7.47219966923
1500.0	23.0	12.8640484305	5.47366250643
1500.0	24.0	10.1938775847	6.28796974305
1500.0	25.0	10.0690717747	5.80372900943
1500.0	28.0	15.2166274259	4.18036505178
1500.0	30.0	8.53793810218	5.23022951072
1500.0	31.0	8.64001368035	4.61305526866
1500.0	32.0	3.77553360157	5.96649499284
1500.0	33.0	14.4589530313	5.12211662145
1510.0	20.0	3.54823128318	8.11872906665
1510.0	21.0	3.9531661541	7.4106254409
1510.0	23.0	13.2024763268	5.27652951186
1510.0	24.0	10.5331473414	6.23952180371
1510.0	25.0	10.3792973463	5.65933983061
1510.0	30.0	9.02895320294	5.12020734305
1510.0	31.0	9.14113110637	4.51067021458
1510.0	32.0	4.25139521444	5.96649499284
1510.0	33.0	14.0371809516	5.28893982145
1510.0	34.0	15.1162355686	4.96316919484
1520.0	20.0	3.06353013571	8.07290638511
1520.0	21.0	3.41795338032	7.32208265521
1520.0	23.0	13.5411146882	5.0793965173
1520.0	24.0	10.8427415177	6.10611097567
1520.0	25.0	10.6893124528	5.51495065178
1520.0	30.0	9.51996830369	5.00994651558
1520.0	31.0	9.64224853238	4.40828516051
1520.0	32.0	4.7272568273	5.96649499284
1520.0	33.0	13.6088844535	5.43380631988
1520.0	34.0	14.6790995359	5.28440528526
1520.0	35.0	15.218732077	6.1621960286
1530.0	20.0	2.59566619701	7.98460225921
1530.0	21.0	2.88274060654	7.23353986951
1530.0	23.0	13.9620449074	4.87271713075
1530.0	24.0	11.1521252288	5.97270014763
1530.0	25.0	10.9995380244	5.37056147295
1530.0	30.0	10.0391857291	4.82426919141
1530.0	31.0	10.1433659584	4.30613876623
1530.0	32.0	5.20311844016	5.96649499284
1530.0	33.0	13.1803774903	5.5786728183
1530.0	34.0	14.2419635032	5.60564137567
1530.0	35.0	14.7205611625	6.30539190843
1540.0	20.0	2.12801272342	7.89605947352
1540.0	21.0	2.34752783276	7.14475842402
1540.0	23.0	14.3922355915	4.6653217648
1540.0	24.0	11.4617194051	5.83952797939
1540.0	25.0	11.3087112704	5.24287848011
1540.0	30.0	10.5653485032	4.61973774305
1540.0	31.0	10.6587950119	4.20327639255
1540.0	32.0	5.66151144893	5.93308262088
1540.0	33.0	12.7714437823	5.72783519312
1540.0	34.0	13.7928309593	5.9132738575
1540.0	35.0	14.2226007132	6.44858778826
1550.0	20.0	1.63826041333	7.80680070843
1550.0	21.0	1.82873133754	7.06600069012
1550.0	23.0	14.8167437176	4.53453619456
1550.0	24.0	11.7830996275	5.69585477996
1550.0	25.0	11.6168321909	5.13214033304
1550.0	30.0	11.0915112773	4.4152062947
1550.0	31.0	11.2312601101	4.09826608068
1550.0	32.0	6.11253817885	5.88535066093
1550.0	33.0	12.407970538	5.88702127953
1550.0	34.0	13.2342565584	6.09680324348
1550.0	35.0	13.7244297987	6.59178366809
1560.0	20.0	1.12619880161	7.71634864434
1560.0	21.0	1.3118290283	6.98795893561
1560.0	23.0	15.2376739369	4.45506248125
1560.0	24.0	12.1097414776	5.54764704434
1560.0	25.0	11.9251635765	5.02116352617
1560.0	30.0	11.7163821877	4.3331073236
1560.0	31.0	11.8037252082	3.99325576881
1560.0	32.0	6.56356490878	5.83761870099
1560.0	33.0	12.0442868285	6.04596870614
1560.0	34.0	12.6756821574	6.28033262946
1560.0	35.0	13.1839553972	6.73116099112
1560.0	36.0	15.1608541719	6.9120651193
1560.0	38.0	0.195522086842	9.86858271815
